 109.82
  29.22
  90.35
 -47.34
  87.51
 -88.46
  33.90
 -10.34
  49.10
  35.01
 -24.45
 -34.05
 -32.58
  -8.95
  25.53
  13.80
 -13.21
 -10.23
 -18.20
 -31.10
 -46.34
  -5.36
 -27.94
  -5.80
 -34.94
 -10.35
 -26.72
  43.42
  51.59
 -66.74
 -34.38
 -47.59
 -28.29
 -43.37
 -40.38
 -11.60
 -30.44
 -21.16
 -53.46
 -15.89
 -34.62
 -12.73
 -36.72
 -23.45
 -30.33
 -23.33
 -32.74
 -27.81
 -32.16
 -25.66
 -27.27
  68.29
  -4.52
  11.74
 -14.15
  -8.82
 -33.32
  30.96
 -61.55
 -11.62
 -46.82
 -43.56
 -53.37
 -37.37
 -38.97
 -42.28
   9.53
 -20.89
 -25.59
 -23.38
  -1.49
  -6.48
  -0.26
 -42.11
 -14.13
 -11.31
  -1.19
   6.46
  25.09
 -33.82
 116.48
  47.45
  24.72
  15.08
  50.80
  18.93
  32.16
  33.99
  28.22
  15.04
 -16.96
 -12.71
 -23.19
   1.92
  11.97
  56.92
   6.91
 -19.11
 -21.81
 -11.83
 -37.30
 -32.14
 -32.01
 -42.90
 -22.47
 -29.65
   1.80
  53.62
   3.61
 -27.47
 -27.84
 -28.19
  24.64
  45.32
  67.13
  85.29
  18.21
  71.33
  38.34
  29.95
  15.70
 -12.80
 -27.70
 -22.49
 -45.30
 -32.51
 -33.69
 -47.37
 -31.23
  -0.66
 -25.88
 -23.56
 -20.12
 -29.16
 -24.56
 -11.93
 -26.68
 -10.70
 -22.95
 -30.47
  -9.87
  18.39
  15.96
  10.89
 -18.77
 -66.24
   1.80
 -23.77
-116.21
 -84.64
 -73.28
  10.06
 -68.83
 -22.37
 -53.36
 -22.48
   1.71
  13.24
 -55.54
 -44.54
   9.76
 -31.26
  -9.67
 -24.39
 -11.95
 -54.79
  18.50
 -50.55
 -23.02
 -32.70
 -31.58
 -18.95
   2.01
  10.55
  -8.72
   3.91
  -1.25
  -0.72
  -1.70
 -11.79
 -30.43
 -20.49
 -36.78
 -14.06
   9.10
  75.77
  21.56
 -35.71
 -35.40
 -35.65
 -21.76
 -20.57
 -35.08
-118.09
 -90.70
 -75.11
 -41.18
 -36.08
 -40.02
 -14.01
 -25.35
 -14.34
 -21.71
 -26.92
 -27.70
 -52.21
 -42.60
 -28.57
 -28.96
 -45.58
 -34.54
 -33.02
 -22.40
 -15.35
 -32.71
 -48.35
 -32.77
 -46.32
 -20.73
 -25.69
 -45.40
 -76.98
 -63.75
 -11.81
  20.66
  -7.12
   7.99
 -54.41
 130.15
  -1.77
  17.54
 -44.32
 -53.58
 153.27
 312.82
 178.46
 -44.40
 -26.10
  34.83
 -52.25
 -55.87
 -66.94
 -36.10
 -33.31
 -20.26
   1.37
  -9.17
 -39.76
 -49.77
  -5.41
 -45.38
 -29.40
 -15.08
 -46.58
  -9.03
 -10.70
   6.05
  -8.78
  -0.16
 -28.01
  -2.13
 -17.81
 -33.11
 -42.97
 -61.00
 -47.08
  14.71
   9.32
  39.55
  -3.54
   9.00
 -78.36
  -1.57
 -78.23
  38.09
  72.91
 -26.56
 -93.76
  41.33
 207.99
 118.26
 -75.94
 -88.24
 -49.38
  71.17
 167.97
 -17.41
 -44.63
  12.63
  -6.87
  -3.93
   9.97
  21.50
  13.82
 -24.02
  -1.83
  52.37
 -33.25
   9.15
 -10.34
  11.91
  12.56
   8.90
 -20.70
 -21.36
 -23.62
   2.34
 -21.79
 -20.57
 -28.16
  -3.58
  12.26
  36.89
  39.77
  15.84
 -25.40
   7.60
 -90.23
 -46.48
 -69.39
 -19.56
 -30.67
  -9.60
   2.63
 -30.26
 -60.75
  -1.72
 -21.46
 -24.38
 -34.26
   7.81
 -47.74
 -13.10
   4.54
  15.46
  11.56
  11.07
   8.65
 -30.85
 -22.25
 -28.73
 -20.21
 -10.62
 -21.31
 -20.42
 -25.63
  18.49
  13.77
  77.13
 -21.86
  -8.76
 -44.92
 -25.86
 -65.36
 -37.05
 -32.19
 -14.77
 -38.20
  18.72
  28.12
 -13.80
  -6.86
  -5.97
 -15.98
 -19.88
  89.78
 -74.77
 -27.51
 -20.40
 -42.21
 -50.22
 -80.67
 -76.49
 -94.60
 -56.92
 -44.76
 -53.78
 -41.18
 -22.03
 -19.62
 -21.15
 -10.54
  -5.92
 -31.38
 -12.36
 -28.64
 -11.39
 -18.71
 -17.56
  -1.80
  -0.78
  -2.90
  10.72
  11.93
  12.13
 -40.96
  18.43
  13.56
 -11.56
 -12.55
 -22.11
 -42.29
 -13.98
 -13.78
  33.27
   8.27
  44.71
  14.20
  19.26
 -11.90
   4.14
  -0.55
  23.62
 -30.67
 -36.62
  -6.98
  44.86
 -31.94
 -88.24
 -22.47
 -36.04
 -78.32
 -84.84
 -90.64
 -72.69
 -53.27
 -31.74
 -19.03
 -39.56
 -16.76
 -32.06
 -48.25
 -49.25
 -55.39
 -41.48
 -22.10
 -47.37
 -15.36
 -19.63
  20.45
  15.96
 -41.68
 -22.22
 -36.53
 -36.07
 -51.51
 -21.46
  44.80
 -15.30
   3.60
 -32.60
 -29.88
 -23.36
 -32.63
 -25.43
 -33.96
 -22.50
 -43.51
 -36.46
 -55.61
 -57.42
 -52.51
 -24.68
 -50.77
 -25.20
 -57.61
 -18.48
 -38.36
 -36.17
  17.92
  17.34
  24.10
 -23.66
 -22.30
 -36.00
 -38.87
 -10.54
   2.62
  46.96
  32.52
  31.54
   9.82
   3.35
 -11.78
 -44.01
 -22.59
 -27.97
 -21.21
 -57.34
 -45.25
 -47.01
 -29.74
 -33.46
 -21.97
  12.06
 -11.65
 -11.48
 -12.27
 -10.39
 -22.32
 -47.09
 -48.92
 -53.75
 -46.01
 -40.66
 -39.73
 -34.34
  -5.87
 -33.36
 -51.35
   4.40
 -16.51
 -28.32
  -0.67
  20.34
  37.88
 -32.34
 -24.80
 -34.63
 -18.26
 -22.59
 -58.75
 -60.94
 -73.71
   1.52
 -31.16
 -31.79
   1.95
 -24.32
 -40.39
   1.77
  32.78
  10.99
 -12.21
 -19.83
   3.24
   8.47
  17.13
 -47.22
  18.02
  -0.86
  -0.95
  -0.67
   9.56
 -16.81
   6.22
 -10.36
  23.01
  11.43
  -0.89
 -39.64
 -30.26
 -55.39
 -61.67
 -57.07
 -45.24
 -35.22
 -26.39
 -13.41
 -36.19
  11.24
   6.89
 -21.64
  -9.58
 -27.64
 -27.09
 -22.74
  17.89
  46.01
  27.57
  -3.22
  30.60
  25.26
  49.45
  34.51
 -42.48
 -40.98
 -40.60
   5.13
  38.64
  39.47
   5.77
  13.34
  22.32
  46.64
  57.87
  56.07
  26.00
   4.84
   6.14
   4.00
 -31.34
 -46.10
 -43.73
 -33.84
  12.21
  24.05
  10.09
   1.96
 -13.21
 -18.57
  33.20
  -9.38
 -47.31
 -14.01
 -57.61
 -32.14
 -64.11
 -49.06
 -75.82
 -42.89
 -41.44
 -20.67
  25.41
  17.09
  16.75
  -4.74
 -22.62
  -5.82
 -35.94
  15.55
  20.95
  18.57
  47.29
 -28.54
 -19.80
   5.40
   6.24
  10.90
 120.41
  66.68
  20.33
  18.41
 -42.01
  40.67
  91.84
 -41.03
   7.43
 -13.08
 -22.78
 -31.00
  -5.82
  -8.02
 -43.40
 -27.72
 -29.39
 -37.36
 -16.78
 -44.90
 -25.10
 -10.71
 -21.79
 -13.52
  -8.34
 -19.43
 -22.96
 -17.01
  -3.49
 133.31
 108.11
 100.84
  73.55
  77.85
  64.27
 184.36
 143.52
  35.59
  51.77
 156.96
 -17.93
  25.32
  15.42
  -6.16
 -20.23
 -26.26
 -27.08
   7.58
   9.03
  21.66
  33.13
 -15.71
 -52.42
  -4.34
 -30.07
  -1.23
 -10.67
  -9.91
  27.46
 -25.59
 -66.21
 -65.50
 -57.00
  -0.21
 -28.69
 -60.69
 -60.04
 -55.23
 -43.43
 -19.41
 -39.11
 -38.96
 -44.99
 -28.67
 -22.43
  26.39
  13.29
   1.14
  21.14
  31.35
  21.20
  20.46
   7.00
  -2.00
  -9.74
   0.73
  32.54
  12.82
 -14.56
  -2.71
 -44.92
 -32.49
 -62.02
 -43.52
 -53.43
 -21.84
 -31.82
 -20.88
 -30.91
  20.00
  10.02
 -37.02
  25.70
   4.00
  29.48
  20.58
   2.91
  51.11
   5.28
  17.29
  35.88
   6.70
 -34.68
   7.23
 -24.95
 -58.31
  12.72
 -46.72
 -68.27
 -17.03
  -2.32
  38.85
  -5.50
   3.67
   3.71
  -4.96
 -20.66
 -39.75
  -7.43
 -54.40
 -45.04
 -41.37
 -23.66
   1.31
 -32.38
 -24.72
   3.62
  -3.56
  54.33
 -12.58
  21.90
   8.61
 -22.35
 -21.44
 -12.45
  11.77
  -0.86
 -56.54
  -9.20
 -16.09
   4.75
 -26.88
 -13.31
 -45.76
 -10.79
 -41.50
 -27.08
  -2.86
 -43.77
 -21.88
 -28.17
 -29.84
 -25.50
 -47.38
  24.34
 -40.43
 -59.65
 -49.96
   9.75
   2.80
  -2.48
 -59.94
 -44.21
  36.32
   1.53
  64.19
  32.95
  29.67
 -54.25
  49.46
  41.95
 -50.79
 -32.28
 -51.75
 -60.02
 -70.25
 -57.13
 -41.57
  -7.71
 -25.42
 -69.17
  20.38
 -34.24
 -23.33
 -30.70
   1.60
  -7.73
 -13.24
 -22.89
 -34.37
 -19.93
 -33.37
 -43.35
 -46.35
 -36.19
 -46.28
 -32.60
 -31.24
 -36.70
 -35.40
   0.32
   0.23
 -18.63
 -46.49
 -73.29
 -14.35
 -57.80
 -24.27
 -66.34
 -16.87
  -9.95
 -48.62
 -22.31
 -39.72
  12.53
 -84.53
 -68.56
 -20.24
  24.42
 -11.37
 -30.34
 -66.24
 -59.25
 -27.13
 -38.71
 -53.73
 -39.69
  -7.83
 -79.05
 -55.39
  27.75
   4.10
   1.54
  -3.71
  -8.03
 -19.00
  -9.57
 -17.39
 -20.07
 -32.76
 -14.69
 -23.57
  -9.20
   9.26
  22.58
  13.89
  12.34
   0.40
 -30.66
 -28.68
 -21.57
 -20.24
 -14.06
  18.82
   8.00
   7.85
  35.74
  40.28
 -10.90
  23.28
   5.87
 -11.27
 -18.57
   5.13
 -21.59
 -62.38
 -56.31
 -68.31
 -75.97
 -18.53
 -69.59
 -43.87
 -46.66
 -17.28
  10.66
 -41.12
 -60.52
 -27.66
   0.18
 -35.42
  -9.77
 -62.61
  82.74
  84.37
 -62.91
 -20.39
 -29.29
   2.91
 -38.94
 -15.91
  -9.12
   7.38
  20.46
  12.81
  61.78
  24.46
  83.88
 100.27
  91.04
  75.73
  74.76
  44.12
  23.64
  11.33
  21.68
  44.24
  55.31
 -21.51
  42.74
  11.63
   4.19
  20.35
 -11.06
 -12.10
  -0.67
  39.55
  77.04
  48.52
  64.62
  75.63
  59.22
  56.06
  11.98
  -5.20
 -18.36
 222.90
 182.79
 -18.75
   3.11
   8.15
  22.39
  13.21
  13.26
  10.59
  -0.24
  11.58
 -53.57
 -39.44
 -22.02
   7.36
 -32.72
   6.93
 -36.48
 -20.52
  45.94
 -23.00
  -4.39
 -43.72
  -4.34
 -55.80
 -35.35
 -25.23
   6.11
  15.92
 -24.99
 -26.45
 -27.33
 -53.67
 -28.98
 -15.00
  -2.09
 -33.43
 -42.47
 -56.76
 -23.66
 -43.04
 -32.75
 -46.11
 -10.47
 -13.11
   2.41
 -14.77
  -1.20
   9.32
 -20.05
  49.01
 -33.74
 -35.76
 -24.43
 -29.02
 -43.91
 -14.81
 -27.46
 -30.03
 -25.06
 -22.13
  -5.17
 -24.19
 -56.01
 -48.84
 -66.00
 -55.65
  -2.27
 -16.73
  -1.65
  -4.81
   6.64
 -12.61
 -27.43
 -25.77
  11.43
   1.95
 -27.52
 -30.37
 -14.68
  -2.67
  -3.81
 -21.95
 -35.68
 -32.44
 -52.82
 -30.53
 -46.09
 -31.12
 -28.03
  11.56
  27.54
  18.17
   1.32
 -10.02
   8.68
  29.62
  44.16
   6.20
 -10.85
 -16.08
 -25.15
  41.76
  -9.31
  -7.09
  27.27
  13.30
   9.34
  -2.42
  10.11
   2.48
   9.78
  13.66
  -7.80
  -0.08
  15.38
  -0.55
 -17.44
 -19.21
  -4.99
 -11.69
  15.22
 -20.67
 -11.01
 -32.70
 -43.37
 -53.94
 -69.84
 -67.04
 -24.24
   3.25
  -4.32
 -13.70
 -12.71
 -21.99
 -12.13
  -2.63
 -29.23
   4.32
 -15.93
 -25.55
 -48.18
  16.76
  10.26
  66.08
  12.22
  42.58
   5.23
  16.39
 -11.57
  -9.28
 -12.96
 -13.74
  15.31
 -18.75
 -62.32
 -54.21
 -10.69
  15.78
  -2.77
  11.78
 -30.23
 -37.84
 -16.26
 -14.75
  34.60
 -11.88
   2.27
  14.88
  18.57
 -25.18
   4.69
 -11.80
  -0.81
  -8.17
   0.31
 -19.47
 -14.26
 -13.12
 -12.64
  -3.18
  -3.38
  -3.46
 -18.60
 -20.24
 -14.06
 -31.00
 -60.77
 -21.53
 -29.13
 -20.49
 -24.45
  11.47
  -3.04
  -7.04
   0.32
 -17.06
 -27.91
 -49.39
 -23.87
   2.24
 -26.16
 -19.42
 -31.50
   0.51
  13.69
  21.22
 121.88
 113.28
  27.31
  34.80
  43.02
  22.50
  13.68
  10.42
   4.24
  18.41
  52.25
  -7.77
   5.86
  -9.64
 -20.03
 -16.39
  -0.89
   0.82
   1.55
  -6.14
  -4.53
  -7.17
  78.25
  33.87
  20.23
  29.52
  28.91
  32.47
  20.77
  12.17
   2.25
   4.49
 212.91
 225.13
   5.66
 -22.65
 -18.92
 -21.79
 -20.80
   3.65
 -20.94
   7.91
 -16.85
 -21.11
 -23.80
 -34.18
 -24.31
 -59.84
 -38.10
 -45.58
 -37.82
 -24.63
 -25.62
 -19.42
  10.08
 -23.31
 -10.49
   5.23
  -3.80
 -15.80
 -28.24
 -12.18
  14.29
  26.87
  95.88
 -19.83
 -46.26
 -42.23
 -35.60
  21.55
  14.80
  15.13
   9.47
  35.41
  45.83
 -47.63
 -56.87
 -34.35
 -25.01
  -3.24
 -15.90
  -9.20
 -47.72
 -30.39
 -32.68
   1.02
  42.52
   8.67
  -4.17
  17.21
  15.16
   1.85
  41.90
  12.41
   9.90
 -27.09
  -8.16
 -38.56
 -35.41
   5.02
 -24.90
 -16.62
  -2.15
  12.52
   3.49
   6.16
 -14.28
 -18.04
 -39.11
 -31.25
 -39.94
 -44.68
 -68.10
 -46.18
 -53.55
 -64.89
 -77.19
 -60.90
 -49.60
 -41.48
 -40.58
  12.43
   0.71
  -7.70
 -22.08
 -31.88
  -6.64
 -18.63
  36.50
 -67.99
 -64.75
 -60.46
 -39.05
 -42.89
 -45.15
 -40.07
 -24.80
 -24.47
  27.30
 -18.29
 -26.19
 -24.06
 -20.57
 -20.86
  40.97
  20.98
  -9.52
 -51.28
 -28.53
  14.34
  77.22
  47.92
  31.60
  28.92
  29.14
  21.78
   2.14
 -10.98
  12.92
 -26.37
 -11.46
 -57.34
  -5.65
 -15.35
  14.26
  18.27
  34.50
  33.69
  18.78
 -14.57
 -39.13
 -44.65
 -31.83
 -12.88
 -13.78
 -30.94
 -46.47
 -78.69
 -52.33
 -61.59
 -55.13
 -55.53
 -31.31
 -21.34
 -57.22
 -19.85
  48.25
  23.04
  10.21
  -8.70
   5.36
 -29.91
  81.43
  -2.64
 -21.89
 -53.71
 -53.07
 -37.81
 -33.33
 -27.31
 -14.29
 -20.11
  -4.81
  10.17
   0.16
  35.32
  20.29
   6.52
  24.32
  32.46
  37.03
  -8.51
  43.24
  33.59
  39.82
  75.57
  29.17
  15.82
  15.31
  -2.18
  -7.59
 -28.37
  12.33
 -50.92
 -14.06
  -6.13
  -8.65
  -9.48
  25.53
  -9.01
  21.15
  46.47
  44.77
  15.58
  29.37
   4.05
  16.98
 137.13
 135.98
 126.60
  99.72
  97.14
 114.52
  94.28
 168.00
 168.24
 161.72
  92.95
 -33.47
 -32.39
   2.77
   9.83
  -8.35
 -22.16
 -29.53
 -33.92
 -12.05
  22.14
  71.82
 -21.88
 -49.88
  -6.87
 -47.33
  13.17
   8.70
   5.35
   4.12
   7.48
  19.38
   7.18
 -21.77
  -2.93
   3.92
  -3.07
   4.11
  36.43
   0.94
 -13.48
 -22.44
 -22.08
 -13.48
  32.07
  12.12
  -4.04
  21.04
 -10.19
  19.77
  -8.12
  -8.86
  -7.91
 -18.77
  -6.26
 -32.96
  -5.59
  -9.42
  10.64
  12.30
 -12.53
 -33.06
  -5.52
  -6.34
   0.96
  -8.73
 -32.89
 -40.62
 -67.01
 -60.91
 -95.46
 -72.51
 -68.85
 -50.95
 -44.53
 -81.19
 -29.31
 -43.25
 -21.01
  -2.33
  13.86
 -21.82
 -22.23
 -40.81
 -12.33
  11.29
  57.74
  39.95
 -13.69
 -58.79
 -50.52
 -25.85
 -45.66
 -37.94
 -27.51
 -56.92
 -34.21
 -23.15
  52.53
   1.17
   6.38
   2.66
   2.57
  -5.65
  -7.30
   6.99
 -25.80
   6.30
 -16.36
   5.50
  52.45
  10.26
   2.26
  -0.60
  21.21
   9.99
  41.45
  13.66
  -8.57
 -10.60
  43.23
  -5.37
   6.92
  17.26
   1.91
 -14.38
   8.46
  26.61
  -0.02
   8.66
  16.76
 -24.84
  11.23
   0.18
  12.78
 -40.87
 -13.29
  -6.90
  21.01
  12.97
  -9.76
 -24.02
 -37.40
 -43.50
 -53.54
 -19.09
 -34.44
 -45.26
 -33.03
 -26.56
 -38.04
   1.59
  26.57
  20.34
  21.74
  54.13
   5.19
 -20.25
  13.32
 132.99
 -55.26
 -38.51
  -8.55
  -0.01
   4.23
   4.87
  -1.28
  -6.21
  -1.78
  12.42
  16.14
  -1.05
   5.45
 -18.21
 -26.38
 -17.74
   0.26
 -21.70
  -4.76
  14.76
 -31.34
  74.13
  -1.10
 -13.38
  -0.44
  27.23
   8.99
  48.60
  21.19
 -23.04
  29.96
  39.92
  11.41
  33.87
  17.38
  49.42
  28.70
  40.27
 -15.60
   6.53
  -4.99
  -8.31
  -4.85
  22.13
   9.71
  25.56
 -17.96
  -7.35
 -68.92
 -51.00
 -32.90
 -17.29
 -18.10
 -23.68
 -33.93
 -21.89
 -25.03
  -6.23
  31.18
  19.01
  -3.99
 -12.30
  38.68
  39.31
  38.55
  22.95
  57.85
  -0.42
  -1.31
  34.23
  31.21
  18.68
  12.02
  -0.34
   8.20
  15.66
  27.28
  27.04
 -16.76
   1.63
 -30.49
  -9.88
   6.20
  17.41
  -2.88
  92.46
  94.62
  47.31
  66.57
  82.38
  50.78
  18.43
  40.78
 -21.64
  59.67
  42.30
  64.48
  70.07
  59.02
  52.17
  40.72
  26.57
  13.61
  -1.79
  42.07
 -26.80
  -3.34
 -58.86
 -50.86
   3.90
 -28.44
 -25.34
  19.59
 -35.27
 -30.01
 -21.90
  26.35
  15.12
  -4.35
  41.83
  43.84
  24.79
  32.90
  24.65
  48.90
  20.82
 -39.27
 -42.05
 -50.91
 -37.02
 -52.82
 -34.74
 -30.07
 -43.45
 -28.66
  -9.22
  -4.43
 -11.74
  -5.33
 -32.78
 -28.40
   3.72
 -15.91
  -6.93
  -2.59
 -11.54
   8.13
  -4.03
  25.73
   3.89
   5.19
 -38.69
 -20.63
 -25.14
  -6.20
  -5.10
  12.09
  23.30
  62.38
  -2.33
 -28.58
 -28.48
 -11.05
 -14.55
 -35.36
  -6.25
 -43.09
 -23.62
 -26.25
 -31.94
  13.02
  12.16
   0.49
   1.80
  11.59
  35.41
  46.42
  32.68
  53.03
  46.67
  40.13
   0.24
   7.93
   7.49
  14.10
  28.00
   0.55
   5.98
   9.33
   5.72
  12.28
  -0.75
 -56.89
 -63.26
 -47.62
 -54.33
 -32.48
 -22.92
 -33.10
 -22.71
 -20.56
  -2.03
 -33.40
   8.39
   1.17
 -35.83
  -1.54
  14.46
   3.06
  18.18
 -18.88
 -13.89
 -14.90
   6.50
  50.90
  44.31
  18.79
  -6.61
   3.96
  17.63
  28.25
  32.07
  46.97
  32.40
  44.35
  86.69
  63.17
  38.15
  37.57
  32.06
  70.84
  99.11
 130.11
  40.77
  36.40
  31.31
  -3.41
  -3.57
  14.34
   0.68
   1.09
   3.78
  14.18
   0.95
 -17.71
 -10.04
 -16.37
  13.56
  21.43
   0.89
  -3.21
  -8.17
  -7.21
 -20.08
 -22.92
  -1.52
 -11.37
 -31.25
 -44.48
 -27.91
 -29.40
 -18.80
 -10.62
 -20.98
 -26.27
 -15.67
 -10.01
 -12.42
 -21.65
  12.12
 -10.33
  -5.87
 -21.04
  14.09
  -7.97
 -33.89
 -25.64
 -36.65
 -12.53
 -15.83
   0.74
 -18.91
  -2.57
 -42.09
 -52.72
  -4.36
  -3.23
  11.19
  11.12
  22.25
 -23.99
   1.55
  12.96
 -11.63
   7.86
  20.18
 -15.43
 -24.04
 -31.78
 -30.84
 -46.52
 -29.12
 -19.68
  -6.09
 -28.41
 -16.61
  -6.58
   3.41
 -11.81
  -6.68
  -6.33
  19.84
  19.67
 -21.59
 -37.43
   8.98
   6.47
  13.74
  -3.60
 -11.81
 -20.31
 -21.76
 -57.28
 -57.17
 -14.35
  -4.65
  -0.71
  -0.78
  11.48
  22.05
   4.55
  17.16
  -2.77
   8.69
  13.10
  23.88
  16.67
  12.37
  18.05
  19.96
  17.28
  26.06
  10.28
  70.78
  14.94
  13.56
  29.38
  -3.96
 -13.92
  -9.39
   3.98
   5.15
  51.46
  49.23
  45.16
  20.26
  22.47
   9.45
 -43.75
 -11.62
  22.79
 -13.66
  60.75
   7.16
  18.88
   3.84
  23.78
  25.75
   9.68
  19.24
  13.83
  -2.73
  -6.43
  -1.48
   1.00
  10.03
  20.58
  58.73
  43.67
   1.85
  -4.87
  11.04
  -0.03
   5.82
   8.22
 -13.33
   1.41
 -15.56
 -26.39
 -58.70
  44.36
  20.62
 -12.76
 -29.45
  -9.95
 -34.92
  12.29
 -20.82
 -15.08
  14.08
 -16.97
 -41.82
 -50.75
 -42.89
 -35.33
 -50.77
 -29.57
 -24.99
 -37.94
 -33.36
 -32.48
 -35.85
  29.48
   2.14
 -12.48
 -25.23
 -24.30
   5.57
  20.74
  15.53
  27.23
  -3.02
   3.02
  -4.71
  15.85
  33.12
  23.57
  31.81
  20.13
  14.59
  -6.59
  23.89
  -2.71
   8.92
   0.79
  -4.77
   0.19
  37.77
  20.28
  13.78
  21.90
  15.05
  44.28
  40.01
  14.23
   8.51
  19.82
  15.96
  17.21
  16.95
 -30.22
 -22.56
 -42.24
 -28.22
 -75.81
 -54.12
  80.80
  12.07
  12.83
 -22.09
   3.25
 -30.76
  24.95
  59.26
   7.46
   1.47
   2.25
   1.17
  -0.89
 -13.26
  -1.58
  20.99
  22.46
   1.81
  16.73
   3.24
   2.39
  44.55
  18.01
 -16.17
 -11.10
  -9.38
  18.50
  10.71
  28.41
  -0.83
  12.03
  26.76
  -5.79
 -10.75
  -8.58
 -17.17
 -11.16
   1.03
 -21.32
  -5.83
 -11.95
   5.14
  -1.11
   5.99
  24.56
  17.97
  -3.15
   7.37
  -2.55
   1.65
  -1.27
  -1.02
  -6.01
 -22.74
   4.23
 -19.22
 -23.72
 -33.83
 -41.46
  -5.54
 -42.08
 -33.74
 -25.82
   6.36
 163.94
 -17.19
 -37.68
  -1.51
   3.74
  13.80
 -27.62
 -26.41
  72.61
  -3.52
  14.23
  21.06
  13.75
  -0.78
  56.46
  40.14
  31.53
  24.12
  14.29
   5.17
  18.97
  40.22
  18.02
  -4.04
 -28.03
 -12.63
  18.50
  42.07
  21.28
  27.13
   6.07
  27.93
  -6.02
  -6.08
 -29.43
   2.88
   9.16
   5.68
  73.57
   0.57
  -3.76
   3.37
  60.90
  13.78
   5.68
   1.18
  19.12
 -19.34
  30.37
   2.11
  36.21
  15.09
   0.47
  13.16
 -10.55
 -22.39
 -27.00
 -28.33
 -24.04
 -37.37
 -25.96
 -36.40
  -9.53
  59.26
  58.79
 -17.86
 -13.88
 -33.25
 -17.69
 -27.68
 -33.82
  -4.59
 -26.14
  -8.25
  10.42
  23.69
  -1.75
  -9.12
  11.05
  39.25
  34.54
  15.64
   6.77
   5.03
  -4.02
  49.09
  15.86
  13.76
  -7.16
   6.64
  -0.75
   9.86
  14.40
   1.65
  -4.83
   1.64
  21.96
  10.08
  40.09
   1.49
  10.13
  39.33
  -1.12
  17.40
   1.84
  25.05
  31.02
  55.45
  22.24
  12.50
 -10.08
  -6.54
 -11.12
  18.80
 -18.02
  -2.07
   3.65
  56.76
  -1.29
  -7.77
  -0.52
 -15.42
  -0.35
 -19.42
   8.68
  -2.88
 -18.97
  49.75
  -7.03
  13.80
 -23.12
  10.11
 -10.22
   0.90
 -21.42
 -35.17
 -12.71
 -39.63
  39.00
  -0.37
   8.83
 -15.48
  -2.93
  17.47
  -8.15
  -5.30
 -11.53
 -13.76
  -1.88
  45.67
  22.63
   9.89
   5.98
   6.02
  16.14
 -15.80
  35.41
  40.79
  23.75
  52.60
   2.34
   8.87
   0.61
  36.85
   3.27
  11.88
  16.89
 -30.70
   4.01
  -2.48
  29.03
  24.78
   3.35
 -29.42
 -55.97
 -59.14
  24.16
  -2.53
 -21.76
 -28.21
  -7.90
 -19.53
 -10.80
  21.04
  33.87
  38.04
  52.23
  33.15
  -3.44
  13.79
  -6.49
  46.20
-127.68
 -44.06
 -52.63
 -33.02
 -36.97
 -15.19
 -55.94
 -35.49
 -52.42
 -13.54
 -39.57
 -48.12
 -41.21
 -57.61
 -56.45
 -25.14
 -57.98
 -52.18
 -40.55
 -50.76
 -12.28
  -6.85
  15.37
  10.85
   7.96
  11.83
  13.62
  -4.22
   9.72
  46.19
  13.91
  92.18
 213.64
  14.48
  12.32
  46.94
  -1.07
 -26.20
 -30.30
 -34.96
 -27.05
  -8.10
  17.04
  37.12
  -5.48
 -78.01
 -14.62
 -28.18
  32.70
  10.12
   6.90
  34.34
  -3.81
   1.17
  -5.63
   6.73
  10.10
  42.17
  35.00
  13.74
   3.06
 -22.99
-100.73
 -23.65
  31.40
   0.76
  25.88
 -30.02
 -63.39
 -32.20
 -51.59
  23.92
   0.70
 -12.06
   4.79
  -0.63
  -5.31
 -23.43
  18.28
 -11.31
   1.74
 -43.56
 -10.46
   5.63
  40.49
  56.49
  31.95
  38.96
  24.47
  58.25
   3.25
 -14.67
  34.58
  10.12
  31.34
  29.96
  45.57
   8.68
  46.29
  -7.66
  30.77
   4.37
  16.79
  16.21
 -14.13
   5.95
  14.01
 -13.53
  12.98
  13.39
  21.73
  49.45
  30.03
  -6.04
   0.08
 -34.07
   2.78
 -11.18
  28.43
  80.01
  58.59
  51.33
   6.40
  10.40
   9.28
  73.13
  26.16
  17.49
 -17.38
 -30.28
 -38.10
 -39.87
 -49.15
  10.17
  12.91
  -1.52
 -36.41
 -12.74
  -3.54
  11.23
 -17.75
 -11.94
 -30.42
   6.52
 -12.13
  -1.69
  -8.62
  22.83
  13.21
 -22.82
  -9.42
 -14.77
   7.35
  15.01
  13.29
 -15.88
 -14.78
  15.24
  -2.45
  10.47
   0.47
 -19.14
 -45.69
 -35.53
 -41.74
 -15.66
  12.73
  54.23
  -4.56
 -33.78
 -42.98
 -48.07
 -41.17
 -43.46
 -23.13
  -1.16
  -1.65
 -27.84
  -7.06
 -24.68
 -14.46
 -43.79
   0.63
 -22.04
 -31.33
   4.74
  75.44
  -5.39
 -23.11
  11.38
   9.72
  23.07
  34.93
  21.20
  39.75
  23.11
  -6.89
 -26.16
 -25.65
 -23.93
 -22.26
  -7.34
 -13.96
 -17.48
   7.30
 -21.57
  -2.37
  -6.82
   0.77
 -25.49
  -4.75
 -40.96
  21.24
 -28.47
   4.39
  14.13
 -16.80
  18.22
  27.40
  26.84
  29.66
 107.94
  61.05
  -2.73
 -31.94
 -16.12
  -9.60
  54.42
   6.99
   8.93
   2.22
 -13.77
  18.32
  30.16
  35.30
  12.82
  19.65
  29.05
 -22.62
 -26.61
 -32.75
 -42.85
 -26.57
 -60.91
  -4.88
 -15.08
  69.04
   8.36
 -38.39
 -54.97
 -22.21
   2.05
  28.89
  35.76
  70.63
  45.59
  32.65
  14.55
  37.72
  35.27
  52.01
  16.92
   0.63
  -2.22
   6.34
  10.52
  34.14
  29.03
  39.37
  32.31
  45.35
   7.04
  22.43
 -40.31
 -31.70
 -11.31
 -13.72
  -5.28
  14.87
  -4.79
   9.29
 -34.21
 -31.50
 -27.58
  -4.01
 -15.64
   2.37
   8.29
  57.37
  41.76
  40.10
  46.28
  26.61
  44.50
  48.43
  27.75
  22.06
  43.80
 -16.49
  16.19
   0.95
  -3.45
 -35.08
 -12.10
-105.96
 -40.09
 126.10
 -23.13
 -17.33
   1.07
  34.68
  43.60
  55.31
  37.79
  51.32
   7.76
  63.53
  24.27
  92.71
  90.23
  66.08
  17.82
  25.79
  43.27
  16.75
  22.95
  52.51
  -2.62
  -5.38
   8.02
  30.01
   1.62
 -15.19
 -40.39
 -24.41
  -9.81
   2.03
  30.25
  27.96
  19.19
  15.85
  -2.82
  -1.47
 -20.47
 -27.33
 -27.48
  39.62
  50.08
  51.67
  41.52
  38.21
  34.02
  47.06
  71.00
  25.07
  46.30
   9.76
  12.82
  10.43
  -3.35
 -20.42
   4.54
 -75.31
 -17.10
  98.99
  44.69
 -34.95
  28.30
  -9.04
  29.19
  27.00
  38.26
  -6.74
   2.57
 -19.79
   1.37
   5.34
  24.19
 -21.66
  -9.45
  31.38
  19.12
  11.17
  29.48
  33.15
   5.49
  18.62
  42.00
  64.19
  31.99
   4.57
   5.94
  20.39
   0.84
  28.83
  24.66
  23.71
  22.00
  35.87
  -2.02
 -12.31
  10.99
 -27.79
  34.30
  13.92
  34.16
  26.50
   7.00
  10.74
  23.05
  51.33
   7.80
  13.00
  24.22
  13.05
   4.26
  -7.14
  -5.40
  -2.29
 -28.06
 -78.49
 -22.85
  10.80
 -38.93
 -47.83
 -58.47
 -54.16
 -27.03
  -2.28
 -38.70
 -51.49
 -44.42
 -50.12
 -24.57
 -19.15
 -37.11
 -47.46
 -40.77
 -22.17
  22.81
  21.68
  88.43
  47.35
  -7.46
  -6.12
   2.45
  18.06
  14.71
 -17.33
  31.79
 -25.69
 -12.85
 -33.61
 -31.15
 -23.48
 -45.80
 -42.44
  -2.67
 -36.34
 -31.59
   7.07
 -12.08
 -32.03
 -61.11
 -72.36
 -75.64
 -57.36
 -63.83
 -41.81
 -56.24
 -28.10
 -28.42
  -8.31
 -24.62
 -14.50
  43.24
  33.05
  22.04
  53.82
  53.19
 -32.49
 -58.75
 -31.40
 -30.85
 -47.93
 -81.50
 -87.09
 -83.74
 -72.52
 -90.46
 -61.02
 -70.62
 -61.88
 -62.89
  15.09
 -18.85
  16.41
 -71.55
  -2.02
 -35.88
 -19.53
 -27.79
 -13.49
 -34.28
 -35.18
   4.01
 -21.21
 -40.65
  -9.57
 -15.11
   0.56
  -1.89
  -7.52
  -3.43
  -1.39
  -9.90
   1.61
   4.56
   2.97
 -50.00
 -60.05
 -54.88
 -48.75
 -45.86
 -45.52
 -15.20
 -26.69
  -0.06
  -3.40
  39.72
   8.76
  45.63
 -88.30
 -38.49
   9.52
 -18.47
  -0.98
 -13.48
 -50.93
 -14.45
 -24.69
 -47.27
 -43.09
 -31.47
  -0.70
  -3.08
   3.21
   1.40
   6.92
  -2.19
 -16.75
  -6.72
 -53.50
 -39.79
 -56.97
 -43.11
 -22.93
 -17.61
  -9.73
  -7.50
   1.29
 -21.35
 -29.92
 -17.58
  -6.32
   6.58
 -26.83
  27.02
  46.16
  48.19
  28.33
  17.06
  40.65
  -7.71
 -35.50
 -71.78
 -68.81
 -51.98
 -34.05
  -7.14
 -15.47
  25.33
  -6.76
  -3.37
 -22.64
  94.59
 -23.83
 -34.66
 -37.26
 -32.72
   0.71
 -33.64
 -31.88
 -47.46
   7.19
   0.05
  19.98
  22.03
  21.61
  27.70
   5.07
  53.09
  37.32
  10.90
  -1.96
 -24.99
 -12.30
 -27.43
 -17.22
 -26.29
   2.47
 -11.94
  17.22
  48.90
 -18.06
   6.98
  -7.20
  28.91
 -12.24
 -11.04
  -6.05
  52.13
  33.54
 -19.89
  41.50
  43.50
  33.97
 -23.96
 -11.84
 -42.20
 -11.87
 -11.91
  -7.70
  32.19
  27.65
  46.33
 -30.62
 -18.30
 -10.65
  43.47
  16.23
  -0.37
  49.76
  46.75
  24.27
   8.00
  10.56
  23.76
  20.95
  56.34
  60.91
  45.23
  44.03
  -8.21
  23.47
  -3.21
   2.81
   3.81
   7.42
  -9.25
  43.14
  35.73
  37.95
   4.69
 -10.48
  -4.76
 -36.83
 -15.68
  11.22
 -31.32
 -14.00
 -17.44
   5.10
 -30.69
  -4.77
 -42.58
 -48.31
  28.14
  37.30
  36.78
  39.17
  50.83
   4.56
   4.82
  -5.97
  -4.40
  27.16
  60.11
 -49.70
  51.98
   1.25
  63.54
  39.53
  33.87
  18.46
  34.71
  61.27
  58.17
  71.95
  87.92
 109.84
 118.31
  69.50
  13.32
  11.84
  15.03
  -5.38
 -10.88
  -2.91
  14.17
  97.73
 121.15
 110.05
  59.79
  51.67
   3.54
 -13.36
 -31.84
 -20.55
 -18.58
 -23.01
  -3.76
  -5.95
  20.08
 -10.83
 -15.58
 -42.56
 -49.31
   7.75
   8.84
  90.23
  88.26
  23.16
  16.46
   6.14
 -25.20
  -8.63
  24.84
  86.38
 -15.88
  -2.53
  42.81
  38.43
  15.11
  10.43
 -33.49
 -26.53
 -52.38
 -28.00
 -33.51
 -30.20
 -60.25
 -59.76
 -55.94
 -33.65
 -40.35
  -7.93
 -40.28
   0.90
  -7.56
  -6.50
   9.47
 -22.02
 -31.15
 -63.35
 -36.84
  12.06
  -2.11
 -38.00
 -45.58
 -39.94
 -15.24
 -23.34
  -7.53
   3.69
 -16.41
 -23.09
 -35.03
 -13.53
  40.29
  26.64
  29.43
  14.44
 -46.88
 -27.89
 -19.41
  -8.59
  46.25
 -61.66
 -19.75
  26.72
  -0.74
 -16.53
 -36.45
 -30.74
 -26.98
  -4.67
 -31.49
 -33.20
 -38.68
 -25.80
 -24.75
 -22.04
 -29.75
 -33.48
 -42.90
 -12.20
 -11.73
 -21.10
 -23.84
 -51.74
 -43.52
 -52.89
  -8.48
 -17.25
 -26.67
 -22.56
 -30.10
 -32.83
 -16.23
   4.98
  -9.80
 -41.43
 -22.24
 -35.98
  -6.18
   2.97
  35.16
  18.61
 -11.55
 -40.21
 -46.72
 -57.63
   1.17
  -2.61
 -22.47
  20.38
   1.38
  -4.93
 -48.87
 -18.40
 -27.09
 -44.58
 -43.23
 -26.18
 -19.99
   3.86
  -2.75
  36.43
 -12.64
  14.57
  38.69
  17.65
 -11.37
 -30.14
 -39.38
 -55.27
 -33.44
   8.84
   5.99
   9.04
  18.32
  25.41
  -9.54
  32.03
  -1.22
 -22.96
 -13.47
  15.87
   1.68
  -1.31
 -16.05
  15.88
   4.05
 -10.40
 -18.83
 162.67
  13.16
   2.35
  11.98
  50.05
  64.76
 133.77
  33.20
   0.14
 -27.90
 -32.51
 -36.81
 -29.86
 -18.15
 -20.27
 -26.05
 -33.25
  10.69
 -24.74
 -42.85
  15.63
 -16.20
 -14.96
 -28.13
 -21.14
   0.74
   1.59
  24.82
  36.82
  48.50
  49.05
  10.46
  11.55
 -17.87
  34.73
   2.70
 -11.13
  21.15
  30.00
  36.94
  -1.53
 -11.47
 -57.79
 121.69
 144.04
  55.91
  72.80
  24.00
 -27.97
   9.39
 -30.00
   6.34
 -21.82
  14.48
 -32.64
 -11.11
 -13.20
 -18.26
  -9.14
 -12.20
 -15.13
 -34.23
 -36.59
 -68.87
 -51.23
 -25.92
   8.87
 -31.04
 -12.93
   5.52
  24.32
  32.87
  25.25
  10.60
 -23.98
 -35.30
  17.36
 -16.41
 -36.89
 -44.94
 -55.78
-114.46
-130.11
  50.92
 -19.96
 -41.71
  -1.45
  12.32
   0.28
  14.21
 -11.38
  13.22
 -24.02
  -9.02
 -29.41
 -25.94
 -19.98
 -13.84
 -34.87
 -42.06
 -33.28
 -25.81
 -12.06
 -43.70
 -31.41
  -3.32
   5.92
  26.92
  30.81
  35.98
   7.85
 -14.68
 -34.89
 155.18
 202.07
 148.10
-119.52
-217.64
-118.99
   9.11
 -36.24
 -21.40
 -16.53
 -23.40
  20.92
  -2.61
  -3.62
  14.56
  -3.55
  10.83
  16.89
  -0.37
  25.21
 -17.27
 -17.57
   6.25
 -45.63
 -61.40
 -98.77
-125.68
 -65.17
 -14.60
 -37.64
 -80.14
 -63.12
 -58.00
 -66.41
 145.54
 356.46
 348.58
  65.58
  16.98
 -29.28
 -27.24
 -10.52
 -36.44
 -76.61
 -25.82
 -31.24
 -38.08
 -40.37
 -40.92
 -17.70
  -9.15
 -33.23
 -39.66
 -20.38
 -27.93
 -41.59
 -54.35
 -52.44
 156.93
 248.24
  24.52
 -90.81
-168.41
-154.36
 144.43
 349.35
 356.17
  -2.94
 -25.50
 -33.85
 -15.53
 -21.23
 -52.94
 -69.38
-103.20
 -43.59
 -45.31
 -90.39
  14.97
  18.89
   6.86
  -1.52
  -5.59
  79.59
 330.53
 285.37
  84.96
 -66.47
-122.92
 -29.83
 241.83
   5.58
  25.47
  22.92
   8.08
  -7.46
   0.14
 -14.32
 -31.87
  -2.40
   0.68
 -16.51
 -23.42
   0.16
  86.05
 200.53
 216.21
 151.27
 115.46
   5.41
  33.54
  34.45
  22.77
  15.49
   4.18
  -6.58
   3.08
  50.18
0
