-0.000163, -0.001489
-0.000013, -0.000011
-0.000857, 0.003530
-0.000045, -0.000002
-0.000251, 0.002474
-0.000024, 0.000001
-0.000442, -0.004888
-0.000016, 0.000015
0.000964, 0.002541
-0.000025, 0.000015
-0.001367, -0.002396
-0.000012, -0.000010
-0.000354, 0.003371
-0.000036, -0.000010
0.002146, -0.001520
-0.000038, 0.000016
-0.003049, 0.006262
-0.000014, 0.000014
-0.007080, 0.002186
-0.000051, -0.000024
-0.000320, -0.001522
-0.000010, 0.000000
-0.001289, 0.001857
-0.000034, 0.000015
-0.001954, 0.005451
-0.000038, -0.000010
0.000463, -0.001643
-0.000043, -0.000027
-0.001391, 0.000164
-0.000005, 0.000003
0.000445, -0.000520
-0.000017, -0.000016
0.002866, -0.001716
-0.000045, -0.000033
0.002056, 0.003981
-0.000006, 0.000013
0.000026, -0.002071
-0.000041, -0.000020
-0.000273, 0.006277
-0.000020, 0.000023
-0.001654, -0.002031
-0.000021, -0.000010
0.000652, 0.003591
-0.000016, 0.000034
-0.000420, -0.001359
0.000003, -0.000006
0.000836, -0.000731
0.000006, -0.000033
0.000543, 0.003656
-0.000020, -0.000024
0.001720, -0.000022
-0.000041, -0.000007
-0.000855, -0.004366
0.000004, 0.000004
-0.001946, -0.000445
-0.000025, 0.000010
-0.003331, 0.003782
0.000026, 0.000011
-0.001956, 0.001131
-0.000052, -0.000033
-0.000549, 0.004001
-0.000010, -0.000026
-0.000610, 0.005629
0.000006, 0.000012
-0.002465, 0.001095
-0.000016, 0.000018
-0.003849, -0.000177
-0.000004, -0.000005
-0.007167, 0.000556
0.000001, 0.000033
-0.000900, -0.002023
-0.000004, 0.000033
-0.003163, -0.000122
0.000002, -0.000001
-0.004213, 0.003509
-0.000018, 0.000010
0.002333, 0.001181
0.000001, 0.000008
0.000255, -0.000349
-0.000008, 0.000037
0.001061, 0.007337
0.000002, -0.000019
0.002047, -0.001984
0.000011, 0.000013
-0.000038, 0.000991
0.000000, 0.000037
-0.001025, 0.001124
-0.000004, 0.000034
-0.001167, 0.002163
-0.000006, -0.000017
0.001217, -0.000545
-0.000012, 0.000034
-0.001179, -0.001645
0.000002, 0.000013
0.001119, 0.000843
-0.000034, 0.000033
-0.000279, -0.000661
0.000011, 0.000002
-0.002394, -0.003528
-0.000036, 0.000026
-0.000407, 0.002419
-0.000047, -0.000036
-0.000414, -0.002622
0.000002, 0.000017
-0.001473, -0.000418
0.000020, 0.000008
-0.000359, -0.001035
-0.000041, -0.000005
-0.001066, 0.001639
-0.000003, 0.000011
-0.003280, -0.001637
-0.000014, -0.000028
-0.001174, 0.001062
-0.000020, -0.000024
0.000177, -0.000942
-0.000003, -0.000006
-0.001429, -0.001539
-0.000006, 0.000006
0.000767, 0.001540
-0.000014, 0.000038
-0.000283, -0.000183
0.000003, 0.000002
-0.000827, 0.003973
-0.000026, -0.000018
-0.000138, 0.003588
-0.000018, -0.000012
0.000747, -0.003486
-0.000031, -0.000020
-0.000910, 0.001419
-0.000009, -0.000004
-0.003192, -0.000541
-0.000018, 0.000060
0.002126, 0.001069
-0.000042, -0.000039
-0.002299, 0.003867
-0.000001, 0.000011
0.001593, -0.004560
0.000014, 0.000009
0.000127, -0.004330
0.000049, 0.000051
0.000011, -0.008798
0.000044, 0.000008
0.000019, -0.000769
0.000000, -0.000016
0.000954, -0.003214
0.000011, -0.000000
-0.000807, -0.000330
0.000001, 0.000012
0.001110, -0.001199
-0.000012, 0.000003
-0.001367, 0.004336
-0.000002, -0.000008
0.000082, -0.001051
-0.000004, -0.000002
-0.000498, 0.006158
-0.000042, -0.000013
0.000713, -0.000448
-0.000007, 0.000037
-0.001133, 0.000048
-0.000012, 0.000003
-0.001817, -0.003825
0.000001, 0.000051
0.000270, -0.000249
0.000005, 0.000009
-0.001043, 0.000389
-0.000014, 0.000003
-0.001116, -0.000999
-0.000028, 0.000027
-0.002139, 0.004845
-0.000006, -0.000019
0.000963, 0.000610
-0.000027, 0.000032
-0.000449, 0.003488
-0.000047, -0.000010
0.000501, -0.003735
-0.000009, -0.000025
-0.000365, -0.004389
-0.000035, 0.000037
0.001747, -0.003200
-0.000019, -0.000007
-0.005738, -0.000330
-0.000038, 0.000078
-0.004917, -0.002309
-0.000011, -0.000006
-0.001145, 0.000075
-0.000019, -0.000016
0.000544, -0.005128
-0.000031, -0.000001
-0.000347, 0.001110
0.000003, -0.000013
-0.001184, 0.000984
0.000035, -0.000008
0.002093, -0.001079
0.000096, -0.000040
-0.003228, -0.001032
0.000011, 0.000025
-0.000425, -0.005171
-0.000009, 0.000010
0.001122, 0.002032
-0.000042, -0.000012
0.000535, -0.001523
-0.000018, -0.000033
0.000163, -0.002269
-0.000008, -0.000003
0.001690, -0.000035
0.000007, -0.000009
-0.000672, -0.002142
-0.000003, -0.000000
-0.004540, 0.004437
-0.000046, 0.000017
-0.003208, 0.002942
-0.000037, -0.000040
-0.001987, 0.002495
-0.000012, 0.000013
-0.000933, -0.000786
-0.000007, 0.000018
-0.002137, 0.002050
0.000022, 0.000007
-0.001009, -0.003246
-0.000026, 0.000009
-0.001441, -0.000372
0.000006, -0.000004
-0.001205, 0.006534
-0.000021, 0.000009
-0.000343, -0.001600
-0.000011, -0.000008
-0.002593, 0.008012
-0.000008, -0.000048
-0.002753, 0.005823
-0.000021, 0.000032
-0.003421, 0.003506
-0.000039, 0.000010
-0.003105, 0.000832
-0.000021, 0.000010
-0.001157, 0.007467
0.000011, -0.000001
-0.001085, 0.004828
0.000009, -0.000032
0.003141, -0.001477
-0.000002, 0.000004
-0.003523, 0.002284
0.000024, 0.000042
-0.002620, -0.000862
0.000009, 0.000009
-0.002190, 0.000003
-0.000038, -0.000015
-0.002347, 0.001262
-0.000013, -0.000036
-0.000761, -0.000401
0.000033, -0.000010
0.000886, -0.001106
-0.000032, 0.000019
0.000196, -0.008009
-0.000020, -0.000003
-0.001167, 0.001103
-0.000034, -0.000019
-0.000013, -0.000956
-0.000009, -0.000013
-0.000091, 0.003976
-0.000003, -0.000037
0.001022, 0.003585
0.000014, 0.000001
-0.003392, 0.012224
0.000009, -0.000012
-0.000547, -0.000405
-0.000031, 0.000023
-0.002759, -0.000479
-0.000009, 0.000021
0.000763, -0.003117
-0.000059, -0.000044
-0.002061, 0.003103
-0.000019, -0.000004
-0.000227, -0.003678
0.000017, -0.000008
-0.000149, -0.002018
-0.000019, 0.000004
-0.000507, -0.001954
-0.000013, -0.000006
0.001264, -0.005432
0.000023, 0.000010
-0.000108, 0.000955
0.000003, -0.000024
0.001809, -0.000065
0.000007, -0.000012
0.000698, 0.005426
0.000024, -0.000011
-0.000198, -0.004194
-0.000028, 0.000004
-0.000807, 0.000897
-0.000032, -0.000020
-0.002013, 0.004152
-0.000007, 0.000035
-0.000559, -0.004736
-0.000039, 0.000001
-0.001138, 0.002323
-0.000013, 0.000013
-0.000774, 0.003435
0.000017, 0.000014
-0.001548, 0.002456
-0.000006, 0.000001
0.000684, 0.001154
-0.000023, 0.000059
0.000731, -0.001683
-0.000020, 0.000007
-0.002726, -0.001080
0.000028, -0.000010
0.001471, 0.000902
0.000007, -0.000003
-0.000283, 0.000557
-0.000007, 0.000037
-0.001011, 0.002746
-0.000003, -0.000012
-0.000945, -0.000583
-0.000031, -0.000010
-0.000431, 0.003907
-0.000017, -0.000037
0.002569, -0.000719
-0.000046, -0.000006
-0.005601, 0.004153
-0.000003, 0.000055
-0.001623, -0.000892
-0.000011, 0.000011
-0.002568, -0.000778
-0.000027, 0.000003
0.000197, 0.002946
-0.000002, -0.000019
0.001212, -0.001744
-0.000021, 0.000005
-0.000746, 0.001889
-0.000011, 0.000009
-0.000215, -0.002711
-0.000026, -0.000013
-0.001782, 0.000385
0.000002, 0.000000
-0.001647, 0.000809
0.000018, 0.000005
0.000070, -0.000996
-0.000035, 0.000011
0.000248, 0.000099
-0.000028, -0.000004
-0.002023, -0.001192
-0.000011, 0.000039
0.000225, -0.001485
-0.000055, -0.000013
0.001537, 0.000235
-0.000036, -0.000033
-0.001645, -0.000735
-0.000026, 0.000004
-0.001099, 0.000593
-0.000017, 0.000009
0.000946, 0.004653
-0.000037, 0.000001
-0.001039, 0.002538
-0.000001, 0.000008
-0.000100, -0.002593
-0.000022, 0.000017
0.000136, 0.000675
0.000033, 0.000061
-0.000635, -0.007114
0.000003, -0.000011
-0.002089, 0.000910
-0.000026, -0.000047
0.001468, 0.006687
-0.000015, -0.000005
0.000435, 0.003913
0.000016, 0.000007
-0.000753, -0.001485
-0.000038, -0.000035
-0.000997, 0.000125
-0.000002, -0.000019
-0.002165, 0.002820
-0.000011, 0.000017
-0.001317, 0.003012
-0.000015, -0.000022
0.000430, 0.001678
-0.000006, 0.000000
0.000290, 0.000980
-0.000002, -0.000079
0.000580, 0.003764
0.000013, 0.000017
-0.000417, -0.003622
-0.000007, -0.000013
0.000072, 0.000268
0.000012, 0.000044
-0.002106, 0.002044
-0.000007, -0.000010
0.000331, -0.002185
-0.000022, -0.000009
0.000494, -0.007281
0.000002, -0.000022
0.001291, 0.000589
-0.000016, -0.000005
0.002332, -0.006211
-0.000012, -0.000026
-0.000708, 0.003886
-0.000007, -0.000052
-0.001799, -0.000734
-0.000017, 0.000014
-0.001703, -0.001557
-0.000004, 0.000016
-0.001893, -0.001884
-0.000022, 0.000017
0.000912, -0.003353
-0.000048, -0.000052
-0.000397, -0.004492
0.000019, -0.000043
-0.002265, 0.004744
0.000029, 0.000002
0.001782, -0.000003
-0.000009, -0.000026
-0.001145, -0.001628
0.000006, 0.000015
0.001698, -0.003548
-0.000048, -0.000005
-0.004232, 0.004805
0.000013, 0.000027
-0.005368, -0.004469
-0.000040, 0.000032
-0.001159, -0.001831
-0.000003, 0.000011
-0.000274, -0.003742
0.000032, -0.000005
0.000037, 0.003870
-0.000003, -0.000017
-0.001922, -0.005971
0.000018, -0.000007
-0.002063, 0.009260
0.000007, -0.000001
-0.001538, -0.001505
-0.000008, 0.000006
-0.001232, -0.001566
0.000021, -0.000004
0.001141, 0.004156
0.000056, -0.000005
0.001988, -0.002916
-0.000030, -0.000055
-0.000247, 0.001807
-0.000006, 0.000007
0.001932, -0.002357
-0.000022, -0.000007
-0.000237, -0.001447
-0.000010, -0.000032
-0.005357, -0.007036
0.000055, -0.000021
-0.001269, 0.000868
0.000001, 0.000020
-0.000051, 0.003073
-0.000070, 0.000049
-0.000597, 0.004640
-0.000060, -0.000004
-0.001169, -0.000575
0.000021, 0.000041
-0.001051, -0.000106
-0.000039, -0.000006
-0.001181, -0.000990
-0.000031, 0.000040
-0.000021, 0.003177
-0.000026, 0.000001
-0.007018, 0.006002
-0.000045, 0.000001
-0.000210, 0.000263
-0.000033, -0.000015
-0.000716, 0.005662
0.000019, 0.000036
-0.000803, -0.001323
-0.000002, -0.000017
0.000643, -0.000459
-0.000025, 0.000017
-0.001138, -0.003824
-0.000024, -0.000002
-0.000975, 0.001107
-0.000025, -0.000003
-0.003837, -0.004781
0.000030, -0.000013
-0.001522, 0.002903
-0.000034, -0.000004
0.002439, 0.000700
-0.000031, 0.000010
0.001482, 0.002532
-0.000028, 0.000031
-0.001996, 0.000673
-0.000021, -0.000017
-0.000526, -0.003702
0.000004, 0.000017
-0.001738, 0.001792
-0.000020, -0.000011
-0.001380, -0.003820
-0.000000, 0.000100
0.000276, -0.007208
0.000017, -0.000008
-0.000135, 0.002596
-0.000013, -0.000004
-0.001717, 0.002439
-0.000026, -0.000015
-0.002053, 0.003323
-0.000027, -0.000008
-0.004753, -0.007914
0.000008, 0.000036
-0.001283, 0.000878
0.000007, 0.000006
-0.000183, 0.006044
-0.000003, 0.000038
0.000088, 0.003141
-0.000080, -0.000046
0.001254, 0.005094
-0.000083, -0.000004
-0.003507, -0.002767
-0.000029, 0.000004
0.000778, -0.001631
-0.000015, -0.000004
-0.002090, -0.003425
0.000022, 0.000003
-0.001393, 0.002342
-0.000031, 0.000009
0.000710, 0.001187
-0.000072, -0.000008
0.000103, -0.000344
-0.000040, 0.000020
-0.000522, 0.000525
-0.000006, 0.000016
-0.000606, -0.002674
-0.000011, 0.000016
-0.000729, -0.002196
0.000006, 0.000004
-0.000656, -0.001112
-0.000004, -0.000003
-0.001801, -0.001185
-0.000006, 0.000011
-0.000062, -0.000626
-0.000032, -0.000010
-0.000234, 0.006017
-0.000036, 0.000052
-0.001272, 0.002063
0.000006, 0.000078
-0.001582, 0.001626
-0.000013, 0.000003
-0.000911, 0.001362
-0.000043, 0.000009
-0.000320, 0.000948
-0.000010, 0.000005
-0.000584, 0.000001
0.000025, 0.000002
0.001112, -0.001560
-0.000024, 0.000021
-0.001341, 0.003393
-0.000005, 0.000012
0.000194, 0.003953
-0.000018, 0.000023
0.001284, -0.000688
0.000029, 0.000032
0.000883, -0.001368
0.000018, -0.000025
-0.000761, -0.000714
0.000019, -0.000043
-0.000245, 0.001917
-0.000039, 0.000016
-0.002508, -0.000015
0.000010, 0.000007
-0.002012, -0.000338
-0.000035, -0.000023
-0.000841, -0.000370
-0.000023, -0.000008
-0.000365, 0.004111
-0.000021, -0.000042
0.002466, 0.004702
0.000031, 0.000017
-0.000382, -0.002678
-0.000053, -0.000020
-0.000752, -0.004824
-0.000035, -0.000016
-0.003208, -0.002350
-0.000013, -0.000050
-0.001403, -0.004018
0.000004, -0.000002
0.000553, -0.001679
-0.000018, -0.000014
-0.001572, -0.000086
-0.000005, -0.000010
0.001977, -0.000611
-0.000013, -0.000046
0.000954, -0.003191
0.000004, -0.000038
0.002675, -0.004271
-0.000051, -0.000014
-0.003709, 0.005794
-0.000040, -0.000047
-0.000510, 0.001758
-0.000006, 0.000015
0.000060, 0.001497
-0.000022, -0.000011
-0.000854, 0.000142
0.000000, -0.000012
-0.001146, -0.001797
-0.000017, -0.000031
-0.001059, -0.004874
-0.000019, -0.000013
-0.001980, 0.001909
-0.000023, 0.000033
0.000452, -0.001157
-0.000011, -0.000001
-0.001653, 0.002865
-0.000013, -0.000017
-0.001261, -0.002654
-0.000004, -0.000002
-0.001742, 0.005802
-0.000004, 0.000015
-0.001969, -0.003715
-0.000022, -0.000006
-0.000791, 0.003081
-0.000004, -0.000028
-0.001198, -0.000140
0.000001, -0.000002
0.001042, 0.002580
-0.000020, 0.000025
-0.000194, 0.003545
0.000004, -0.000009
0.000107, -0.001460
-0.000028, -0.000009
-0.000538, 0.005950
-0.000034, -0.000039
-0.000678, -0.000694
-0.000012, -0.000046
-0.000345, 0.000099
-0.000002, 0.000021
-0.001805, -0.000285
-0.000005, 0.000018
0.000457, 0.000924
0.000010, -0.000000
0.000589, -0.003463
-0.000037, -0.000013
0.000569, -0.002308
0.000020, -0.000052
-0.001592, 0.000652
0.000026, -0.000009
0.000936, 0.007255
0.000063, -0.000065
0.000222, 0.004467
-0.000010, -0.000012
-0.000884, -0.002038
-0.000021, -0.000016
-0.001607, 0.004162
-0.000027, 0.000007
0.000096, 0.001503
-0.000017, -0.000005
-0.000861, 0.002731
-0.000002, 0.000024
-0.002245, 0.000278
0.000005, -0.000010
-0.002825, 0.003249
0.000027, 0.000018
0.001923, -0.000731
-0.000024, -0.000044
-0.000571, 0.002344
-0.000001, 0.000009
0.007212, -0.000415
-0.000062, 0.000133
-0.000538, -0.002162
-0.000037, -0.000014
-0.005626, -0.000089
-0.000030, -0.000015
-0.000791, -0.000782
-0.000018, -0.000039
0.000721, 0.000135
-0.000010, 0.000003
0.001071, -0.006883
0.000016, -0.000017
-0.000451, -0.003212
-0.000032, 0.000001
-0.000580, 0.001491
-0.000020, 0.000005
-0.000924, 0.005304
0.000003, 0.000004
-0.006773, -0.007558
-0.000114, 0.000024
0.001864, -0.002675
-0.000027, -0.000021
-0.001502, 0.001019
-0.000054, 0.000059
0.000987, -0.003856
-0.000002, 0.000013
0.000033, -0.002716
0.000006, 0.000055
0.003666, -0.001503
0.000036, 0.000078
-0.000699, 0.004909
0.000053, -0.000010
0.000229, -0.001077
-0.000017, 0.000009
0.001172, 0.003430
-0.000021, 0.000030
-0.001772, -0.002776
0.000008, 0.000004
0.001000, -0.002724
-0.000007, -0.000001
-0.000128, 0.001147
0.000026, 0.000024
-0.004266, -0.002975
-0.000050, 0.000034
-0.001844, 0.004082
-0.000017, 0.000010
-0.000210, -0.007717
-0.000014, 0.000008
-0.003933, 0.005310
-0.000006, 0.000042
-0.002803, 0.003966
0.000002, 0.000036
-0.001627, -0.002191
-0.000033, 0.000002
-0.002376, -0.003244
-0.000089, -0.000098
0.004090, -0.004845
-0.000099, -0.000027
0.000255, 0.002384
-0.000050, 0.000004
-0.000764, -0.001526
0.000001, -0.000008
0.000208, 0.003664
-0.000033, 0.000003
0.000381, -0.004387
-0.000017, -0.000021
-0.001540, -0.002023
0.000023, 0.000011
0.000092, 0.001292
-0.000034, -0.000012
-0.001642, 0.000390
-0.000001, 0.000015
-0.001866, 0.002121
-0.000002, -0.000012
-0.001293, 0.001014
-0.000005, 0.000022
0.000214, 0.000030
-0.000004, -0.000016
-0.001796, -0.001009
0.000025, -0.000001
-0.000556, -0.002411
-0.000012, 0.000004
-0.000562, 0.007674
-0.000029, -0.000008
-0.000748, 0.000984
-0.000032, -0.000028
-0.000347, -0.002845
-0.000028, 0.000018
-0.000078, 0.001898
-0.000004, 0.000012
0.000797, -0.001736
-0.000046, -0.000034
0.000059, 0.000769
0.000000, -0.000027
0.001608, -0.001127
-0.000008, 0.000007
0.000229, 0.000131
-0.000005, -0.000033
0.001063, -0.005649
0.000003, 0.000010
-0.000229, 0.001947
-0.000031, -0.000024
-0.000974, -0.000007
0.000001, 0.000017
-0.000416, 0.000559
-0.000049, 0.000001
-0.001833, -0.002139
0.000007, 0.000008
-0.001993, -0.001048
-0.000013, 0.000008
0.000377, -0.001858
-0.000010, -0.000017
-0.000791, 0.000954
-0.000013, -0.000017
-0.000122, 0.001909
-0.000023, -0.000001
0.000277, -0.000361
0.000031, 0.000029
-0.001911, -0.002401
-0.000010, -0.000003
-0.000075, 0.001773
-0.000035, -0.000045
-0.000260, -0.003477
-0.000043, 0.000002
0.002953, 0.000530
0.000048, 0.000010
0.000532, -0.002875
-0.000069, -0.000016
0.002478, -0.001098
0.000052, 0.000010
0.001406, -0.004722
0.000073, 0.000015
0.001984, -0.001620
-0.000025, -0.000015
-0.000647, 0.001394
-0.000008, -0.000018
0.003276, -0.004327
-0.000006, 0.000011
0.000526, -0.000525
0.000012, 0.000008
0.000866, -0.001486
0.000013, -0.000013
0.001762, -0.000794
0.000001, -0.000020
0.000145, -0.000427
-0.000007, -0.000024
0.000137, -0.000813
0.000030, -0.000016
0.001679, -0.001949
-0.000008, 0.000021
0.000219, -0.002122
0.000001, -0.000034
-0.000183, 0.000823
-0.000002, 0.000015
-0.001364, 0.001822
-0.000037, 0.000015
-0.000750, -0.000151
-0.000018, -0.000010
-0.000094, -0.005310
-0.000028, -0.000018
0.000084, -0.002239
-0.000022, -0.000026
-0.001563, -0.001822
-0.000030, 0.000010
0.000810, -0.001504
-0.000012, 0.000001
0.004536, -0.003307
-0.000031, 0.000011
-0.001119, 0.002307
-0.000069, -0.000003
-0.000662, 0.001663
0.000002, -0.000004
-0.000294, 0.000242
-0.000005, 0.000026
-0.000481, 0.001107
-0.000005, -0.000003
-0.001054, -0.002579
-0.000002, 0.000012
-0.000233, -0.000249
-0.000034, -0.000024
0.003087, 0.000193
-0.000040, -0.000004
-0.001390, -0.000390
-0.000052, -0.000046
-0.000287, 0.006747
-0.000025, 0.000004
-0.000435, -0.000709
-0.000043, -0.000044
0.000126, -0.007705
-0.000034, 0.000004
-0.000245, 0.000538
-0.000038, 0.000019
-0.000175, -0.001754
-0.000038, -0.000010
-0.001771, -0.015661
-0.000017, -0.000015
-0.001143, -0.001330
0.000004, -0.000005
-0.001340, -0.000660
-0.000044, 0.000018
-0.000973, -0.003831
-0.000018, -0.000021
-0.001349, 0.003580
-0.000036, -0.000003
0.002904, 0.003969
-0.000035, 0.000021
0.000448, 0.002958
-0.000018, 0.000008
-0.001700, -0.000067
-0.000026, -0.000002
-0.000831, 0.006374
-0.000007, -0.000032
0.000335, 0.002234
0.000007, -0.000015
-0.000355, -0.000616
0.000003, 0.000025
-0.000159, -0.000346
0.000001, -0.000000
-0.001122, -0.002054
-0.000021, -0.000003
-0.008033, -0.005142
-0.000055, -0.000036
-0.002278, -0.003107
-0.000006, -0.000042
-0.000012, 0.000548
-0.000012, -0.000018
-0.000773, 0.000067
-0.000015, -0.000013
0.000749, 0.002410
-0.000044, -0.000030
-0.000099, 0.001394
0.000003, -0.000010
-0.001468, -0.000652
-0.000029, -0.000013
0.000181, 0.000300
-0.000002, 0.000012
-0.004020, -0.000373
-0.000034, -0.000009
0.003441, -0.000364
-0.000001, 0.000010
-0.001388, 0.003326
0.000005, 0.000009
-0.000786, 0.001081
-0.000021, 0.000003
-0.003635, -0.000351
0.000007, -0.000016
-0.000786, 0.001969
0.000019, 0.000005
0.000273, 0.001689
-0.000048, 0.000008
-0.002453, -0.002757
-0.000048, 0.000036
-0.003360, -0.001811
0.000030, -0.000019
-0.001707, -0.002772
-0.000019, 0.000003
-0.000943, 0.001017
-0.000063, 0.000020
0.002958, -0.010895
-0.000018, -0.000017
-0.001009, -0.003060
-0.000035, 0.000003
-0.003993, 0.006031
-0.000051, -0.000003
-0.000503, 0.001239
-0.000013, 0.000001
0.001887, -0.000444
0.000008, -0.000006
-0.001438, -0.004706
-0.000005, 0.000008
-0.002048, -0.004105
-0.000004, 0.000003
-0.000108, -0.000085
-0.000036, 0.000007
-0.002391, 0.004484
-0.000054, -0.000015
0.004351, 0.000124
-0.000038, -0.000015
-0.001525, 0.000086
-0.000024, -0.000016
-0.004116, 0.000836
0.000014, -0.000027
-0.002813, -0.000142
0.000009, 0.000010
0.000226, -0.001941
0.000011, 0.000016
-0.002728, -0.000463
-0.000006, 0.000082
0.001170, -0.001992
-0.000016, 0.000009
-0.000094, -0.000075
-0.000019, -0.000042
0.002388, -0.002641
0.000007, -0.000004
-0.000143, -0.001001
-0.000023, 0.000029
0.002496, -0.004652
-0.000046, -0.000001
0.000535, 0.002054
-0.000031, 0.000025
-0.001553, -0.002155
-0.000038, -0.000005
0.001157, -0.001629
0.000012, 0.000003
0.000072, 0.000579
0.000014, 0.000022
0.000067, 0.001618
-0.000023, 0.000005
0.001636, 0.002651
-0.000017, 0.000004
-0.002581, 0.001981
-0.000004, 0.000021
-0.001400, -0.005950
-0.000010, -0.000026
-0.002137, -0.006158
-0.000036, -0.000020
0.000319, -0.004179
0.000001, 0.000013
-0.001192, 0.000404
-0.000017, -0.000002
-0.001809, 0.000151
-0.000007, 0.000001
-0.001776, 0.005799
-0.000013, 0.000007
-0.002662, -0.000127
-0.000017, -0.000015
-0.001711, 0.000564
-0.000000, -0.000005
-0.000351, 0.000294
-0.000031, -0.000005
-0.002752, 0.002062
-0.000028, -0.000023
-0.005121, 0.000765
0.000007, 0.000011
-0.000172, 0.001363
0.000040, 0.000019
-0.002880, 0.003293
-0.000010, 0.000046
0.001692, -0.001733
0.000002, -0.000022
-0.002073, 0.006111
0.000004, 0.000024
-0.001560, 0.001143
0.000048, 0.000031
-0.001520, 0.000267
0.000004, -0.000020
0.000476, 0.000775
0.000012, 0.000033
0.000327, 0.001536
-0.000027, -0.000022
0.000322, 0.003365
-0.000015, -0.000001
-0.001697, 0.004732
-0.000009, 0.000022
-0.000859, -0.003255
0.000027, 0.000008
0.000397, -0.001337
0.000011, -0.000013
-0.000121, 0.002456
-0.000022, 0.000002
-0.000882, 0.001167
-0.000001, 0.000008
-0.003308, 0.000735
0.000001, -0.000027
0.001339, -0.001765
0.000013, -0.000013
0.000749, 0.000188
-0.000010, -0.000034
0.000470, -0.006880
-0.000013, 0.000025
-0.002113, 0.003960
0.000004, 0.000025
-0.002309, -0.002978
-0.000027, 0.000040
-0.002312, -0.005013
-0.000000, -0.000008
-0.000026, -0.000934
0.000001, 0.000031
-0.000428, 0.000054
-0.000031, -0.000007
0.000120, 0.008194
0.000027, 0.000016
0.001252, 0.001690
0.000004, -0.000005
-0.002979, 0.005057
-0.000035, 0.000025
-0.008687, 0.002026
0.000019, 0.000033
0.000870, -0.002255
-0.000013, 0.000037
-0.002165, -0.004936
-0.000003, -0.000022
0.000689, 0.000919
-0.000002, 0.000012
-0.000509, 0.000420
-0.000047, 0.000021
-0.001055, 0.000932
-0.000004, -0.000001
-0.000907, -0.004085
0.000002, 0.000027
0.000477, -0.004545
0.000016, 0.000003
-0.002265, -0.003802
-0.000025, 0.000027
0.001506, 0.000756
-0.000007, 0.000008
-0.000030, -0.007025
-0.000010, 0.000015
-0.000974, -0.002230
-0.000048, -0.000013
-0.000918, -0.004125
-0.000003, 0.000015
-0.000983, 0.002814
-0.000002, -0.000007
0.004654, -0.003853
-0.000044, 0.000002
-0.000029, -0.001391
-0.000013, 0.000003
-0.003302, 0.004616
0.000014, -0.000052
-0.004858, 0.000164
0.000010, -0.000015
-0.002837, -0.004703
0.000026, 0.000001
-0.001879, 0.001882
-0.000019, 0.000004
-0.004318, 0.005035
-0.000026, 0.000023
-0.002118, -0.003739
-0.000032, -0.000034
0.000209, -0.000491
-0.000009, 0.000012
-0.002633, 0.003380
-0.000043, 0.000009
0.000730, -0.003416
-0.000024, 0.000011
-0.000018, -0.003225
0.000026, -0.000015
-0.002155, -0.000810
-0.000002, 0.000031
-0.002929, 0.003028
-0.000021, 0.000006
-0.000867, 0.000954
-0.000030, -0.000026
0.000451, 0.002825
-0.000001, -0.000000
-0.004368, 0.002583
-0.000018, 0.000014
-0.002478, 0.000678
-0.000004, -0.000014
0.000515, -0.004899
0.000040, -0.000031
0.000580, -0.001034
-0.000002, -0.000005
0.001665, -0.000494
-0.000028, 0.000006
-0.002156, -0.000219
0.000002, -0.000004
-0.000355, 0.000135
-0.000025, -0.000001
-0.002411, -0.001883
-0.000047, 0.000008
0.000011, -0.001208
-0.000027, -0.000001
-0.001414, -0.002940
-0.000003, -0.000010
-0.001796, -0.001059
-0.000002, -0.000022
-0.000640, -0.004336
-0.000006, -0.000002
-0.000366, -0.007795
0.000007, -0.000024
0.000485, -0.003793
0.000013, 0.000022
-0.000104, -0.002329
-0.000014, 0.000002
-0.001715, -0.005043
-0.000081, 0.000038
0.000952, -0.003849
-0.000026, -0.000011
0.000297, 0.000162
-0.000011, 0.000002
-0.001390, 0.004359
-0.000018, -0.000003
0.000293, 0.000100
-0.000045, -0.000005
0.000050, -0.000467
-0.000031, -0.000026
-0.000929, -0.000458
-0.000009, -0.000009
-0.000031, -0.000629
-0.000040, 0.000010
-0.000296, 0.001330
-0.000043, -0.000011
0.000535, 0.002073
0.000001, 0.000002
-0.001541, 0.000041
-0.000070, 0.000020
-0.001846, 0.003868
-0.000009, -0.000014
0.000328, -0.009953
-0.000010, 0.000023
-0.002296, -0.004798
-0.000021, 0.000004
0.003943, -0.001198
0.000030, 0.000082
-0.000244, -0.000607
0.000034, 0.000025
0.001040, -0.003526
-0.000010, -0.000004
-0.000835, -0.000100
-0.000045, 0.000001
-0.001824, 0.000486
-0.000027, -0.000001
0.001299, -0.001832
0.000010, -0.000006
-0.001967, 0.005460
-0.000014, 0.000059
-0.000044, -0.001024
-0.000025, -0.000009
0.000741, -0.004405
-0.000036, 0.000005
-0.000674, -0.000678
0.000002, -0.000028
-0.001292, -0.001766
0.000001, -0.000006
-0.000732, -0.000270
-0.000018, 0.000002
-0.003160, -0.003296
-0.000003, -0.000029
-0.002482, -0.002986
-0.000045, 0.000026
-0.000593, -0.003047
-0.000006, 0.000010
-0.001215, -0.002783
-0.000020, -0.000005
-0.000449, -0.001699
-0.000019, -0.000007
0.000268, -0.003705
-0.000041, 0.000020
-0.002181, -0.001362
0.000037, -0.000042
-0.002442, -0.004008
0.000010, 0.000002
0.000444, 0.000894
-0.000022, -0.000044
0.000987, -0.003826
-0.000030, -0.000008
-0.000197, 0.002565
-0.000004, -0.000028
-0.001180, 0.001358
-0.000005, 0.000028
-0.000221, -0.002019
-0.000031, 0.000029
-0.000230, -0.002961
-0.000064, -0.000025
-0.002474, -0.012232
-0.000028, -0.000014
0.000689, 0.000043
-0.000011, -0.000012
-0.005553, 0.004293
-0.000010, -0.000012
-0.000512, -0.000558
-0.000009, -0.000005
-0.001541, 0.002201
-0.000014, -0.000016
-0.000324, -0.000142
-0.000006, 0.000018
-0.001241, 0.000928
-0.000003, 0.000014
-0.002142, -0.003597
-0.000068, 0.000010
-0.000558, -0.008305
-0.000025, -0.000002
0.000620, -0.007242
-0.000021, -0.000010
-0.002130, -0.002070
-0.000024, 0.000044
0.003063, 0.000331
-0.000038, -0.000007
-0.000239, 0.000484
-0.000022, 0.000025
-0.000550, -0.005662
-0.000021, 0.000000
-0.001199, 0.002536
-0.000015, -0.000020
0.000343, -0.000266
-0.000019, 0.000011
-0.000440, 0.003876
-0.000020, 0.000008
0.001432, -0.002262
0.000001, 0.000015
-0.004120, -0.001901
-0.000017, -0.000030
0.002232, -0.005085
0.000013, -0.000020
-0.005630, -0.006257
-0.000022, -0.000025
-0.004780, -0.003141
0.000003, -0.000031
-0.000630, 0.002454
-0.000016, -0.000005
-0.006859, -0.000255
0.000021, -0.000099
0.000747, -0.002588
-0.000038, -0.000019
-0.002716, 0.002512
-0.000011, 0.000022
-0.003195, 0.004479
0.000009, 0.000024
-0.002060, -0.000723
0.000025, 0.000013
0.001866, -0.004858
-0.000035, -0.000016
-0.001683, 0.002326
0.000007, -0.000026
-0.000763, 0.002285
-0.000023, 0.000001
-0.000018, -0.001040
-0.000015, -0.000017
-0.001684, -0.006213
-0.000011, -0.000003
0.001885, 0.000586
-0.000016, 0.000026
0.000794, 0.002656
0.000006, 0.000004
-0.001431, 0.002007
-0.000010, 0.000021
-0.000800, -0.002101
-0.000014, -0.000035
-0.000805, 0.002812
-0.000042, -0.000042
-0.000295, -0.002937
-0.000005, -0.000021
-0.000563, 0.000361
-0.000002, 0.000045
-0.006034, 0.005090
0.000008, -0.000022
0.000290, 0.001198
-0.000019, 0.000025
-0.001007, -0.004853
-0.000062, 0.000009
-0.001295, -0.000662
-0.000001, 0.000001
-0.004937, 0.004637
0.000000, 0.000010
-0.002552, -0.002950
-0.000058, 0.000023
-0.002669, 0.001066
-0.000022, -0.000004
0.000571, 0.000004
-0.000023, 0.000045
-0.002886, 0.001333
-0.000037, 0.000007
0.000643, 0.005943
-0.000030, -0.000016
-0.001338, -0.002852
-0.000020, 0.000030
-0.002169, -0.003732
0.000003, 0.000009
0.000786, -0.005119
-0.000013, -0.000003
-0.002431, 0.003614
-0.000001, 0.000006
0.000360, -0.001841
-0.000040, -0.000023
0.001489, -0.001581
0.000013, -0.000016
0.000089, 0.001225
-0.000011, 0.000018
0.003135, 0.000665
0.000013, 0.000005
-0.003151, -0.002896
-0.000083, -0.000108
-0.000321, -0.001036
-0.000001, -0.000000
0.001156, 0.003219
-0.000050, -0.000007
-0.006128, 0.008265
-0.000042, 0.000062
-0.000291, 0.002219
-0.000059, 0.000003
-0.000179, 0.003798
-0.000011, -0.000003
-0.000832, -0.002532
-0.000018, -0.000004
0.000868, -0.000009
-0.000001, -0.000001
-0.001360, 0.001919
-0.000022, 0.000000
-0.000775, -0.004269
-0.000019, 0.000023
-0.000342, 0.005552
0.000006, 0.000005
-0.000774, -0.001242
0.000005, -0.000018
-0.000357, 0.007379
-0.000043, -0.000004
-0.000629, -0.004232
-0.000044, -0.000022
-0.002502, 0.001732
-0.000023, 0.000021
-0.000920, 0.000475
-0.000030, -0.000022
-0.003067, 0.005426
0.000001, 0.000024
-0.000768, 0.003441
-0.000036, -0.000016
-0.001864, 0.001415
-0.000002, 0.000000
-0.001913, -0.002982
-0.000037, 0.000013
-0.000002, -0.002781
-0.000032, 0.000012
0.000222, 0.000170
-0.000025, 0.000008
-0.001405, 0.001050
0.000019, 0.000000
-0.001030, 0.000699
-0.000005, -0.000010
-0.000944, 0.000472
-0.000003, 0.000033
-0.001237, 0.001168
-0.000031, 0.000016
-0.001036, 0.004252
-0.000012, -0.000006
-0.000460, -0.008308
0.000008, 0.000001
0.000856, 0.002088
-0.000004, -0.000008
-0.000075, -0.000025
0.000013, 0.000011
-0.003550, -0.000409
0.000017, -0.000018
-0.000877, 0.004771
-0.000015, -0.000055
-0.001663, 0.004125
-0.000013, 0.000017
0.000687, 0.003807
-0.000044, 0.000030
-0.003684, -0.001429
-0.000014, -0.000018
-0.006329, 0.000412
-0.000040, -0.000015
-0.000257, -0.005279
-0.000048, -0.000044
-0.003154, 0.004041
0.000008, -0.000021
-0.003798, -0.001923
-0.000022, -0.000042
0.000619, -0.000065
-0.000014, -0.000007
0.001000, 0.004470
0.000003, -0.000004
-0.000710, 0.007591
-0.000033, 0.000006
-0.000514, -0.001597
-0.000047, 0.000034
-0.002850, -0.003611
-0.000028, 0.000005
0.001219, 0.001135
-0.000030, -0.000009
-0.002437, 0.001168
-0.000000, -0.000005
0.000366, -0.006813
-0.000071, 0.000022
0.001789, -0.000268
-0.000026, 0.000002
-0.002345, 0.004710
-0.000007, -0.000035
0.000295, -0.003215
0.000008, -0.000009
0.000909, 0.002353
0.000016, 0.000002
0.001447, -0.000300
-0.000012, -0.000019
-0.000936, 0.002255
-0.000024, 0.000027
-0.002268, -0.001161
-0.000023, 0.000010
0.000168, -0.001332
-0.000005, 0.000027
0.000281, -0.004044
0.000018, -0.000002
-0.002069, -0.000341
-0.000044, -0.000045
0.001664, 0.004739
0.000021, -0.000004
0.000393, -0.001718
-0.000004, 0.000021
-0.000818, 0.008249
-0.000025, -0.000027
-0.002363, -0.000882
-0.000001, -0.000020
-0.000491, -0.000730
-0.000040, -0.000014
-0.002316, -0.003690
-0.000012, 0.000022
-0.000244, 0.001302
-0.000005, -0.000025
-0.000276, -0.003565
0.000018, 0.000005
-0.004270, -0.005305
-0.000033, -0.000005
-0.001666, -0.000261
0.000008, 0.000002
-0.004016, 0.001958
0.000004, -0.000043
0.001672, -0.004368
-0.000003, -0.000012
-0.001771, 0.003719
-0.000013, -0.000001
-0.001040, -0.001963
-0.000004, 0.000004
-0.000190, -0.005273
-0.000012, 0.000041
-0.000763, 0.003452
-0.000031, -0.000003
0.000638, -0.006366
0.000025, -0.000031
-0.000834, -0.000207
-0.000028, -0.000015
0.001421, 0.002968
0.000027, 0.000054
-0.004447, -0.002444
-0.000002, -0.000081
0.000538, 0.004528
-0.000035, -0.000024
-0.000588, 0.000629
-0.000027, 0.000007
0.000346, 0.000500
0.000025, 0.000014
0.000849, -0.004138
-0.000032, 0.000006
-0.003243, -0.000113
-0.000034, -0.000026
0.001430, 0.000588
-0.000021, -0.000007
-0.007506, 0.007452
0.000008, -0.000006
0.000721, 0.009520
0.000054, 0.000074
-0.001566, -0.002808
-0.000052, 0.000006
-0.001170, 0.005140
-0.000005, -0.000011
-0.002043, -0.002094
0.000019, 0.000011
-0.001398, 0.004668
-0.000004, -0.000016
0.000076, 0.002744
-0.000028, -0.000026
-0.001969, -0.000869
-0.000007, -0.000026
-0.003284, -0.003576
-0.000000, 0.000013
-0.001218, 0.000363
-0.000002, 0.000008
-0.003579, 0.006198
0.000012, 0.000053
0.000182, -0.001062
-0.000029, 0.000005
-0.001437, -0.002761
-0.000038, 0.000072
0.001815, -0.003132
-0.000020, -0.000036
0.001263, -0.007982
0.000001, -0.000005
0.000154, -0.001275
-0.000030, 0.000033
0.002292, -0.003088
-0.000002, 0.000003
0.001239, -0.006780
-0.000004, 0.000012
0.000266, 0.004932
-0.000008, -0.000001
0.001245, -0.001398
-0.000060, 0.000041
-0.002861, 0.006081
0.000014, 0.000026
0.000257, 0.000733
-0.000019, -0.000005
-0.002330, 0.006800
-0.000013, -0.000020
-0.000270, 0.000954
-0.000013, 0.000011
-0.000877, -0.007109
-0.000007, 0.000003
0.001215, 0.001554
-0.000006, 0.000037
0.000663, 0.000870
-0.000001, 0.000035
0.000062, -0.003499
-0.000013, 0.000014
0.000181, 0.002477
-0.000007, 0.000002
0.000449, -0.000144
-0.000043, -0.000026
0.003873, -0.004543
-0.000032, -0.000016
0.000172, -0.001181
-0.000013, -0.000001
0.002014, -0.005747
-0.000013, -0.000001
-0.002835, 0.009450
-0.000014, 0.000008
-0.001288, 0.002051
-0.000022, -0.000014
-0.001135, 0.001192
-0.000019, 0.000009
0.002905, -0.011535
-0.000042, 0.000008
-0.000499, -0.000750
0.000017, 0.000005
-0.000578, 0.002829
-0.000021, -0.000002
-0.000974, -0.002135
0.000029, 0.000014
-0.002357, 0.000633
-0.000027, 0.000022
-0.001559, -0.000324
-0.000005, 0.000018
0.000491, -0.005795
-0.000042, -0.000051
-0.000530, -0.002660
-0.000002, -0.000017
-0.004595, 0.002600
-0.000031, 0.000018
-0.002042, -0.001143
-0.000053, -0.000058
-0.001809, -0.008367
-0.000027, 0.000033
-0.000567, 0.001140
0.000000, 0.000009
0.000013, 0.005950
-0.000046, 0.000022
0.000286, 0.002198
-0.000009, -0.000004
-0.001469, 0.010968
-0.000034, 0.000000
-0.000074, 0.005452
-0.000015, -0.000035
-0.001305, 0.002184
-0.000022, 0.000002
-0.002332, 0.002171
-0.000006, 0.000000
-0.000273, 0.001897
-0.000013, 0.000009
-0.000428, 0.000246
0.000014, 0.000009
0.000633, -0.000933
-0.000025, 0.000022
-0.000243, -0.003040
-0.000005, 0.000021
-0.001641, -0.005898
0.000002, 0.000004
-0.000194, 0.004580
-0.000039, -0.000045
0.001692, -0.007890
0.000049, -0.000031
-0.002542, 0.002999
-0.000026, 0.000010
0.000131, -0.000303
-0.000019, 0.000001
0.000754, 0.002187
0.000015, 0.000019
-0.000530, 0.000355
-0.000029, 0.000009
-0.004336, 0.003080
-0.000014, -0.000023
-0.000453, -0.000079
-0.000028, 0.000040
-0.001433, 0.002711
-0.000005, 0.000049
0.001572, -0.004934
0.000007, -0.000023
-0.000209, -0.005531
-0.000003, 0.000012
-0.002496, -0.000348
-0.000003, -0.000001
0.002098, 0.008620
-0.000047, -0.000006
-0.001372, 0.003011
-0.000030, 0.000025
-0.000069, 0.001080
0.000012, 0.000020
0.000498, -0.010887
-0.000012, -0.000014
-0.001288, -0.003326
0.000012, -0.000009
0.001640, 0.000092
-0.000040, 0.000029
-0.002158, -0.005387
0.000004, 0.000035
-0.000842, 0.002865
0.000006, 0.000005
0.000822, 0.006816
-0.000018, -0.000014
0.000157, 0.001834
-0.000013, 0.000005
-0.001326, -0.000160
0.000011, -0.000021
-0.002008, -0.003097
-0.000024, -0.000006
-0.001039, 0.006978
-0.000028, 0.000026
0.002168, -0.004253
-0.000022, 0.000012
-0.001802, -0.001998
-0.000019, -0.000021
-0.002113, 0.001847
-0.000031, 0.000006
-0.002330, -0.003762
-0.000023, -0.000037
-0.003141, -0.004245
-0.000005, -0.000020
-0.001772, -0.003594
0.000007, -0.000014
-0.001319, -0.003151
0.000000, -0.000031
-0.001691, -0.006404
-0.000022, -0.000010
0.000493, -0.002441
-0.000004, -0.000001
-0.000882, -0.002475
-0.000016, 0.000039
-0.001728, -0.001905
-0.000029, -0.000024
-0.001147, 0.001404
-0.000003, -0.000024
-0.002140, -0.000895
-0.000003, 0.000001
-0.000988, -0.002383
-0.000015, -0.000028
-0.002375, 0.007157
-0.000007, 0.000044
-0.000336, -0.004654
-0.000014, 0.000021
-0.002140, -0.002673
-0.000030, 0.000016
0.003167, -0.001355
-0.000013, 0.000022
-0.007190, 0.007383
0.000014, 0.000039
0.003462, -0.001635
-0.000035, -0.000002
0.002146, 0.000531
-0.000011, -0.000046
0.002042, 0.002033
-0.000032, -0.000008
-0.003898, -0.005879
-0.000008, -0.000054
-0.000756, -0.008043
-0.000012, 0.000019
-0.002897, 0.006971
0.000010, 0.000069
0.000118, -0.008065
0.000009, 0.000008
-0.000445, 0.009558
-0.000062, 0.000024
-0.000985, -0.002607
-0.000030, -0.000003
-0.002633, 0.004252
-0.000005, -0.000023
-0.004647, 0.004457
-0.000024, 0.000046
0.000243, -0.006686
-0.000004, -0.000016
0.000238, -0.001100
0.000002, 0.000018
-0.002045, 0.000565
-0.000025, 0.000001
-0.001768, 0.005434
-0.000055, 0.000021
-0.005443, -0.002047
-0.000007, 0.000033
-0.000198, -0.000729
0.000025, -0.000016
-0.002375, 0.005405
-0.000010, -0.000001
0.001064, -0.001563
-0.000029, -0.000002
0.000077, -0.004959
-0.000014, 0.000020
-0.000336, -0.008324
-0.000005, -0.000013
-0.000778, -0.004417
-0.000040, -0.000004
-0.002721, -0.005401
-0.000029, -0.000031
0.000762, -0.004313
0.000011, -0.000005
-0.000036, -0.003854
0.000009, -0.000016
0.000376, 0.000981
-0.000022, 0.000006
0.000842, 0.001672
0.000008, -0.000059
0.001961, 0.002775
0.000009, -0.000041
0.001690, -0.007812
0.000003, 0.000007
-0.001758, 0.005103
-0.000050, -0.000004
-0.001751, 0.003552
-0.000019, -0.000009
0.002476, -0.008466
0.000051, -0.000059
0.002377, -0.003357
-0.000008, -0.000006
-0.002154, -0.002752
-0.000019, -0.000030
-0.001321, 0.001138
-0.000007, 0.000024
-0.000358, -0.006206
-0.000012, -0.000000
0.002430, 0.005038
0.000001, 0.000017
-0.001265, -0.001750
-0.000002, 0.000047
0.002833, -0.003216
-0.000026, 0.000061
-0.001175, -0.002066
0.000014, -0.000021
-0.002114, 0.000446
-0.000012, 0.000027
-0.001031, 0.002196
-0.000021, 0.000014
-0.000586, 0.002327
0.000020, 0.000040
-0.000478, 0.001312
-0.000031, 0.000039
-0.001407, -0.000943
-0.000022, 0.000021
-0.006635, 0.006322
-0.000005, 0.000013
0.000449, -0.003998
-0.000024, 0.000035
-0.003457, -0.001235
-0.000025, 0.000033
0.001032, 0.004692
-0.000021, -0.000050
0.001655, -0.003920
-0.000024, -0.000005
0.000058, 0.001544
-0.000015, 0.000026
-0.001069, -0.003906
-0.000003, 0.000005
0.000348, -0.004076
-0.000002, 0.000016
0.000947, -0.011009
-0.000039, 0.000032
-0.001410, 0.001423
-0.000016, -0.000001
-0.003081, -0.006068
-0.000039, 0.000005
-0.000689, -0.002060
0.000000, 0.000017
-0.001776, -0.001199
-0.000060, -0.000012
0.000597, 0.002159
-0.000041, 0.000008
-0.000214, -0.003573
-0.000041, 0.000008
-0.003680, -0.000180
-0.000049, -0.000027
-0.007256, 0.002649
0.000013, 0.000004
-0.001008, 0.000792
-0.000052, 0.000069
-0.003086, -0.000154
-0.000021, -0.000035
-0.000833, -0.000630
0.000003, -0.000012
0.000306, 0.004544
0.000017, 0.000018
-0.000727, -0.003443
-0.000032, -0.000008
0.000233, -0.002369
-0.000031, -0.000028
0.000923, 0.007015
-0.000008, -0.000024
-0.001260, -0.001029
0.000014, -0.000004
0.000226, -0.001337
-0.000034, 0.000004
0.003140, -0.002155
-0.000053, 0.000025
-0.002392, -0.001129
-0.000007, 0.000050
-0.000463, 0.005981
-0.000038, 0.000016
-0.001195, 0.001761
-0.000011, -0.000001
0.002330, 0.000312
-0.000030, -0.000022
-0.002020, -0.000073
-0.000028, 0.000026
-0.001505, -0.004287
-0.000001, -0.000008
0.000334, 0.002612
-0.000011, 0.000033
-0.000092, 0.000736
-0.000021, -0.000020
-0.002323, 0.005148
-0.000025, 0.000007
0.000080, 0.003270
-0.000004, -0.000019
0.000492, -0.000704
0.000019, 0.000036
-0.000268, -0.000739
-0.000003, 0.000019
-0.000553, 0.001346
-0.000030, 0.000023
-0.001369, 0.000128
-0.000016, -0.000016
0.000450, 0.000533
0.000040, 0.000002
-0.002855, -0.004402
0.000016, -0.000002
-0.002733, -0.005234
0.000022, 0.000014
-0.006140, 0.003724
-0.000023, 0.000003
-0.003109, 0.003993
-0.000008, 0.000016
-0.004564, 0.007716
-0.000006, -0.000037
0.000213, 0.004437
-0.000025, -0.000066
-0.002149, -0.000769
-0.000017, -0.000019
-0.001629, -0.003434
-0.000004, 0.000021
-0.002160, -0.000085
0.000022, -0.000012
-0.000794, -0.006160
-0.000017, 0.000014
0.000235, 0.000286
-0.000016, 0.000018
-0.004042, -0.004778
-0.000012, -0.000020
0.000527, -0.000871
0.000018, 0.000031
0.002922, -0.000693
0.000008, -0.000014
-0.000984, -0.000993
-0.000010, -0.000029
-0.001263, 0.005922
-0.000015, 0.000002
0.003624, 0.000207
-0.000063, -0.000008
-0.000452, -0.009504
0.000018, -0.000005
-0.001210, 0.000989
-0.000006, -0.000024
-0.001818, 0.001260
-0.000029, -0.000002
0.000727, -0.004332
-0.000012, 0.000014
-0.001026, -0.011404
-0.000027, -0.000023
-0.001343, 0.009266
-0.000002, 0.000051
0.004543, 0.002094
0.000018, 0.000004
0.001322, 0.000667
-0.000014, -0.000043
-0.004214, 0.001400
-0.000012, -0.000000
0.000552, 0.001761
-0.000014, -0.000006
-0.003969, -0.008020
-0.000008, 0.000002
-0.002245, -0.008173
0.000002, -0.000031
-0.000160, -0.004188
0.000020, -0.000006
-0.002596, 0.005611
0.000005, -0.000006
-0.001568, 0.007899
-0.000033, 0.000016
-0.003199, 0.005173
-0.000027, -0.000015
-0.000080, 0.003836
-0.000053, 0.000023
0.000835, -0.000937
0.000003, 0.000033
-0.000202, 0.002513
-0.000034, -0.000004
-0.000446, 0.001859
-0.000026, -0.000014
-0.002417, 0.005775
-0.000027, -0.000008
-0.003815, -0.002103
-0.000068, 0.000012
-0.002135, 0.000111
-0.000017, -0.000009
-0.003056, 0.007612
-0.000012, 0.000028
0.001216, -0.004529
-0.000001, 0.000039
0.002015, 0.001548
-0.000010, 0.000008
0.002197, 0.002231
-0.000019, 0.000027
-0.002607, -0.000948
0.000002, -0.000017
0.000388, 0.001285
-0.000012, 0.000005
-0.000532, 0.003431
-0.000016, -0.000004
-0.001278, -0.005985
-0.000060, 0.000020
-0.002111, 0.001045
0.000027, -0.000015
0.000068, -0.002479
-0.000009, 0.000027
-0.002498, 0.008130
0.000003, 0.000007
0.000209, 0.005285
-0.000020, 0.000037
0.001426, -0.002506
-0.000017, 0.000016
-0.000340, 0.002373
-0.000028, -0.000020
-0.002656, -0.002148
-0.000008, 0.000037
0.001063, 0.008313
-0.000017, 0.000031
-0.000187, -0.001548
0.000025, 0.000002
-0.002914, 0.001608
-0.000022, -0.000015
-0.002478, -0.001647
0.000015, 0.000006
-0.000878, 0.001694
-0.000017, 0.000017
-0.001527, 0.001751
-0.000053, 0.000033
-0.002034, -0.004601
0.000001, -0.000015
-0.000314, 0.003676
-0.000011, 0.000020
0.000174, 0.001614
-0.000008, 0.000004
-0.002736, 0.002919
-0.000064, 0.000034
0.001813, 0.003258
-0.000022, 0.000030
-0.004496, -0.001072
-0.000026, 0.000022
-0.001154, 0.004709
-0.000020, -0.000025
0.000026, 0.001742
-0.000005, -0.000013
0.000761, 0.001834
-0.000026, 0.000020
-0.003202, 0.004072
-0.000017, -0.000024
-0.001899, 0.004130
-0.000009, 0.000004
-0.000745, 0.002891
-0.000028, 0.000005
0.000530, -0.003285
-0.000060, 0.000026
-0.000984, 0.003859
-0.000038, -0.000019
-0.000753, 0.008645
-0.000042, 0.000001
-0.001901, -0.006225
-0.000026, 0.000007
-0.002242, 0.006568
-0.000023, 0.000017
-0.002466, -0.001938
-0.000025, 0.000010
-0.003328, 0.006257
0.000011, -0.000016
-0.002166, 0.000514
-0.000037, -0.000011
0.000204, -0.006950
-0.000022, -0.000003
-0.001627, -0.001764
-0.000027, 0.000021
-0.000310, -0.003632
-0.000011, -0.000006
0.000096, 0.002244
0.000002, 0.000016
-0.000610, -0.001638
-0.000000, -0.000006
-0.002072, 0.000572
-0.000009, -0.000033
0.000539, -0.005969
0.000043, 0.000016
0.001145, -0.005656
-0.000020, -0.000009
-0.000066, 0.002807
0.000005, 0.000009
-0.000605, -0.001683
-0.000004, 0.000037
0.001062, -0.002423
0.000005, 0.000002
-0.000320, -0.002651
-0.000017, -0.000009
-0.002308, -0.004430
0.000006, 0.000039
0.008605, 0.000150
0.000002, -0.000022
0.001872, 0.000342
0.000012, 0.000007
-0.000351, -0.000042
-0.000021, -0.000025
0.000994, -0.005415
-0.000028, 0.000034
0.001126, -0.003583
0.000018, -0.000003
-0.001157, -0.007399
-0.000031, -0.000040
0.000146, -0.005962
0.000002, 0.000020
-0.000531, 0.005662
-0.000007, -0.000026
0.002963, 0.003323
-0.000029, -0.000006
-0.002746, -0.000892
0.000013, -0.000013
-0.002231, 0.000760
0.000000, -0.000012
-0.000504, 0.002133
-0.000018, -0.000016
-0.001125, 0.006831
-0.000042, 0.000016
-0.000928, -0.001703
-0.000014, -0.000012
-0.000557, 0.003628
-0.000029, 0.000018
-0.000098, -0.005948
-0.000029, 0.000027
-0.000857, -0.000309
-0.000004, -0.000024
-0.000752, 0.002789
-0.000044, -0.000032
-0.002327, 0.000388
-0.000021, -0.000023
-0.000633, 0.004446
-0.000022, -0.000060
-0.002477, 0.007718
-0.000015, 0.000012
0.002316, -0.000700
0.000002, 0.000014
-0.001337, -0.005310
-0.000005, 0.000000
-0.002673, -0.000848
-0.000004, -0.000001
0.000056, 0.004948
-0.000022, -0.000003
0.003103, 0.000656
-0.000009, -0.000032
0.000396, -0.005847
-0.000026, -0.000008
-0.000489, -0.007337
0.000027, 0.000013
0.001709, 0.001859
-0.000007, -0.000001
-0.002873, 0.001022
-0.000000, 0.000030
0.001536, -0.005330
-0.000030, 0.000011
0.001068, 0.001300
0.000006, -0.000001
0.000094, 0.003417
-0.000005, -0.000020
-0.001386, 0.005342
0.000014, 0.000016
-0.002517, 0.003272
0.000009, 0.000025
-0.000150, -0.004666
-0.000028, 0.000024
0.000712, 0.000931
-0.000015, 0.000032
0.001647, 0.001211
-0.000020, 0.000045
-0.001787, -0.005704
0.000035, 0.000027
-0.000909, 0.002138
-0.000003, -0.000021
0.001102, 0.003763
-0.000003, -0.000005
-0.000636, -0.001726
0.000005, -0.000024
-0.002365, 0.000255
-0.000023, -0.000003
-0.000197, -0.000123
-0.000004, 0.000024
-0.001506, 0.002587
-0.000027, 0.000036
-0.002676, 0.000570
0.000000, -0.000000
-0.003939, 0.000943
-0.000022, -0.000027
-0.000653, -0.001194
-0.000013, 0.000013
-0.000315, 0.002954
0.000004, -0.000016
-0.002135, 0.009703
-0.000028, 0.000012
-0.004425, 0.002154
0.000028, 0.000021
0.001822, -0.003052
-0.000045, 0.000024
-0.001211, 0.000728
-0.000027, 0.000005
-0.003955, 0.003204
0.000003, -0.000022
0.002729, -0.001229
0.000005, 0.000033
0.002117, -0.002211
-0.000018, 0.000001
0.000146, 0.000875
-0.000001, -0.000032
-0.001037, -0.006739
-0.000059, 0.000012
-0.000618, 0.002231
0.000000, -0.000004
-0.001326, 0.001045
-0.000018, -0.000004
-0.002997, 0.001687
-0.000004, -0.000041
-0.004866, 0.004169
-0.000003, -0.000006
-0.000110, 0.003929
-0.000018, -0.000022
-0.001149, 0.002128
-0.000030, -0.000015
-0.001385, 0.001709
-0.000024, 0.000030
-0.000591, 0.004200
-0.000002, -0.000035
-0.001479, -0.000571
-0.000008, -0.000012
-0.000774, -0.002146
-0.000021, -0.000024
-0.001171, -0.007944
0.000016, -0.000015
-0.000792, 0.002390
0.000007, -0.000023
-0.001147, 0.001146
-0.000017, -0.000002
-0.004587, 0.003256
-0.000038, -0.000007
-0.001978, 0.007830
-0.000002, 0.000012
-0.001970, 0.004560
-0.000012, -0.000029
-0.000686, 0.005490
0.000002, -0.000027
-0.003364, -0.002409
-0.000009, -0.000021
-0.001554, -0.003090
-0.000046, 0.000021
0.000294, 0.001607
0.000010, 0.000011
-0.003245, 0.002418
0.000050, -0.000007
-0.003314, 0.003479
0.000033, 0.000007
-0.000245, 0.001203
-0.000023, -0.000010
-0.000972, -0.003546
0.000002, 0.000009
-0.001289, 0.003553
-0.000033, 0.000034
-0.001857, 0.002581
-0.000009, 0.000023
-0.004796, -0.001720
0.000065, -0.000083
0.000746, -0.005984
0.000005, 0.000023
-0.003762, 0.005101
-0.000003, 0.000058
-0.002675, -0.007453
-0.000046, -0.000013
0.000991, 0.005259
-0.000070, 0.000009
0.002601, 0.000875
-0.000059, 0.000039
0.001292, 0.000276
-0.000053, -0.000031
-0.001682, 0.000577
0.000015, 0.000013
-0.000430, 0.003969
-0.000053, 0.000061
-0.001410, -0.000388
-0.000009, -0.000002
0.000987, -0.000568
-0.000028, 0.000024
0.000317, 0.003717
-0.000022, -0.000023
-0.002281, 0.005652
-0.000022, -0.000038
0.001594, -0.004210
0.000000, -0.000020
-0.000831, 0.006067
0.000010, -0.000033
-0.001757, -0.001124
-0.000030, -0.000018
-0.001256, 0.007903
0.000008, 0.000033
-0.000769, 0.001656
-0.000017, -0.000012
-0.002156, 0.003804
-0.000014, -0.000006
-0.003265, -0.000448
-0.000035, 0.000011
-0.001351, -0.000771
-0.000025, 0.000002
-0.001093, 0.002768
-0.000017, 0.000004
0.000358, -0.005861
0.000026, -0.000025
-0.000756, 0.004670
-0.000009, 0.000010
0.003962, 0.010967
-0.000005, -0.000026
-0.000317, 0.001602
-0.000007, -0.000032
0.001384, 0.000734
-0.000018, 0.000004
-0.001949, 0.001320
-0.000019, -0.000033
-0.000244, -0.002735
-0.000011, 0.000023
-0.001642, -0.002825
-0.000009, -0.000029
0.000200, -0.002912
-0.000032, -0.000014
-0.001568, -0.000755
-0.000041, -0.000016
-0.001449, -0.002588
-0.000013, -0.000008
0.003503, 0.006174
-0.000020, 0.000020
-0.001632, 0.006023
-0.000018, -0.000026
-0.003952, 0.002064
-0.000013, 0.000010
-0.002486, 0.000093
-0.000025, -0.000026
-0.000235, -0.000987
-0.000020, -0.000007
-0.001206, 0.002657
-0.000025, -0.000014
-0.001338, -0.001949
0.000019, -0.000047
-0.002659, -0.001171
-0.000025, -0.000022
0.000748, 0.000529
-0.000048, 0.000001
0.000822, -0.000781
-0.000026, 0.000019
-0.001899, -0.000655
0.000012, -0.000011
-0.001737, -0.004959
-0.000007, -0.000015
-0.002329, -0.002384
-0.000040, -0.000025
-0.000488, 0.002049
-0.000004, 0.000007
-0.002397, 0.001785
-0.000020, 0.000042
-0.000108, 0.001771
0.000001, -0.000030
-0.001762, 0.003797
-0.000060, 0.000061
0.001918, -0.007180
-0.000040, 0.000016
-0.001358, -0.002567
0.000032, -0.000032
-0.001568, 0.003699
-0.000047, -0.000028
0.000365, -0.002833
-0.000006, 0.000018
0.004491, -0.000205
0.000003, -0.000035
-0.001447, 0.003555
-0.000082, 0.000006
0.000118, -0.008866
-0.000057, -0.000044
0.004209, -0.000910
0.000004, 0.000001
-0.000619, 0.004096
-0.000009, -0.000003
-0.000907, -0.000549
-0.000030, -0.000013
-0.002510, -0.003998
-0.000006, 0.000024
-0.001077, 0.001596
0.000045, -0.000024
-0.001729, -0.000264
0.000036, 0.000012
-0.001200, -0.001824
-0.000022, 0.000032
-0.002238, -0.005983
-0.000032, -0.000027
-0.001248, 0.003827
-0.000033, 0.000005
-0.002133, -0.001627
-0.000044, 0.000016
-0.001720, -0.012839
0.000012, 0.000026
-0.000885, -0.004426
0.000009, -0.000051
-0.000459, 0.005039
0.000004, 0.000011
-0.001291, 0.002721
0.000027, 0.000005
-0.000661, -0.000180
0.000008, -0.000007
0.000546, -0.000911
-0.000031, 0.000007
-0.001525, 0.000408
-0.000013, 0.000002
-0.000865, 0.000708
-0.000014, -0.000002
-0.003166, 0.005471
-0.000011, -0.000042
0.003731, 0.003277
-0.000024, 0.000010
-0.001516, 0.005460
0.000035, 0.000029
0.001554, -0.002619
-0.000014, 0.000012
-0.002745, 0.001210
-0.000028, 0.000010
0.002052, 0.004055
-0.000008, 0.000013
0.000554, 0.002201
-0.000049, 0.000010
-0.002872, -0.001799
-0.000039, -0.000029
-0.001403, 0.000165
0.000002, 0.000009
0.000613, -0.003671
-0.000005, -0.000007
-0.004462, -0.000552
-0.000042, -0.000034
-0.000469, 0.006168
-0.000003, 0.000003
-0.001847, -0.002012
-0.000030, -0.000040
0.000269, -0.010953
-0.000001, 0.000051
-0.001779, -0.005009
-0.000031, -0.000010
-0.000288, 0.000249
-0.000010, -0.000003
-0.001536, -0.007506
0.000016, 0.000008
-0.003026, -0.008765
0.000041, -0.000032
-0.000175, -0.000094
-0.000012, -0.000003
-0.000081, 0.001007
-0.000012, 0.000014
0.000107, -0.006695
-0.000016, 0.000020
-0.000657, 0.000528
0.000008, -0.000012
0.002287, -0.005789
-0.000003, -0.000003
-0.002569, 0.000564
-0.000002, 0.000014
-0.002031, -0.004496
-0.000032, -0.000017
-0.000499, 0.000261
-0.000046, 0.000031
-0.001447, -0.000229
0.000028, -0.000026
-0.000629, -0.003896
-0.000023, 0.000003
-0.001111, -0.000501
-0.000105, -0.000018
-0.000806, 0.001727
0.000018, 0.000021
-0.002748, -0.002782
0.000008, -0.000008
-0.000055, 0.003368
-0.000024, -0.000036
0.000181, -0.003488
-0.000013, -0.000012
-0.000696, -0.003382
-0.000010, 0.000009
-0.000999, 0.002623
-0.000021, 0.000074
-0.002519, 0.004781
0.000025, 0.000052
0.000927, 0.001968
0.000065, 0.000043
-0.000188, -0.000538
-0.000028, -0.000014
0.000686, -0.005942
-0.000039, 0.000016
0.000273, 0.000045
0.000027, 0.000047
-0.000894, -0.000127
-0.000048, -0.000016
-0.000177, -0.003620
0.000034, 0.000012
-0.000178, 0.008031
-0.000011, 0.000047
0.000602, -0.001507
-0.000033, -0.000004
0.000419, 0.000800
-0.000003, 0.000004
0.000764, -0.002041
-0.000020, 0.000005
0.001372, -0.003836
-0.000004, 0.000001
-0.001551, -0.004714
-0.000042, 0.000011
0.000812, 0.001032
-0.000019, -0.000037
0.002241, 0.000402
0.000041, -0.000052
-0.001763, 0.005806
-0.000034, 0.000002
-0.000937, 0.002953
-0.000034, -0.000043
-0.000755, 0.003468
-0.000034, -0.000030
-0.002502, 0.004249
-0.000009, 0.000003
-0.001015, 0.003648
-0.000025, 0.000007
0.000238, 0.000371
-0.000026, 0.000006
-0.001149, 0.001393
0.000057, -0.000015
-0.000652, 0.009439
-0.000048, 0.000026
0.000287, 0.011098
-0.000015, 0.000041
0.000625, 0.003166
-0.000007, 0.000014
-0.000685, -0.002264
-0.000077, 0.000023
-0.001720, 0.004103
0.000000, 0.000009
0.000448, 0.003270
0.000021, 0.000024
-0.005106, -0.007742
-0.000050, 0.000014
-0.001434, 0.002795
-0.000005, -0.000014
-0.002212, 0.001492
0.000010, -0.000009
0.001048, 0.006676
0.000007, -0.000015
0.001935, 0.002374
0.000001, -0.000015
-0.002097, -0.002784
0.000007, -0.000007
-0.004692, -0.003359
-0.000016, 0.000007
-0.001990, 0.002208
-0.000001, 0.000005
-0.003868, -0.002669
0.000015, -0.000015
-0.001418, 0.000847
0.000003, -0.000002
-0.002255, 0.000738
-0.000015, -0.000014
0.000613, 0.000909
0.000060, -0.000018
0.000528, 0.000626
-0.000015, -0.000030
-0.001388, 0.008073
0.000037, -0.000034
-0.001400, 0.006689
-0.000024, -0.000016
0.000796, -0.002009
-0.000012, 0.000010
-0.006216, 0.002488
-0.000065, -0.000021
-0.000438, -0.000992
-0.000017, -0.000011
0.000836, -0.003934
0.000027, -0.000008
-0.000410, 0.000819
-0.000017, 0.000004
0.000263, 0.006163
-0.000004, -0.000033
-0.004022, 0.004375
0.000002, -0.000025
0.001347, -0.007773
-0.000003, 0.000019
-0.000666, -0.002732
0.000005, -0.000004
-0.001847, -0.006005
0.000002, -0.000053
0.001958, -0.006317
-0.000010, 0.000001
-0.001161, 0.002193
-0.000004, 0.000012
-0.000644, -0.006961
-0.000001, 0.000000
-0.000362, -0.004126
-0.000010, -0.000022
0.000223, -0.003095
-0.000023, -0.000005
-0.001167, -0.007166
0.000007, 0.000031
-0.000437, 0.001448
-0.000024, -0.000002
-0.001576, 0.001996
-0.000037, 0.000007
0.001467, 0.002777
0.000010, 0.000016
-0.001081, -0.000555
-0.000005, 0.000025
-0.001613, -0.001709
-0.000033, 0.000023
-0.003120, -0.000848
0.000004, 0.000018
-0.001297, -0.000662
0.000009, -0.000015
-0.001703, -0.001500
0.000018, -0.000016
-0.000777, -0.000509
0.000038, 0.000027
-0.001834, 0.001203
-0.000022, 0.000002
-0.000210, 0.009200
0.000003, -0.000051
-0.001761, -0.004736
-0.000027, -0.000001
-0.000625, 0.004134
-0.000057, -0.000023
0.001770, 0.000945
-0.000024, 0.000008
-0.000182, 0.000879
-0.000004, -0.000018
-0.002143, -0.005266
0.000015, -0.000018
-0.000753, -0.000066
-0.000021, 0.000012
-0.000836, -0.003090
-0.000005, -0.000015
-0.000142, 0.005851
-0.000039, -0.000004
-0.002483, -0.001613
-0.000001, 0.000065
0.001273, -0.000479
0.000028, -0.000054
-0.002996, 0.006110
-0.000017, -0.000063
-0.001230, -0.001819
-0.000016, -0.000009
-0.001351, 0.002529
0.000022, -0.000032
-0.001958, 0.001778
-0.000005, -0.000027
0.001198, -0.000919
0.000041, -0.000009
0.000292, -0.002221
-0.000030, -0.000001
-0.000966, 0.004020
-0.000001, -0.000043
-0.002540, -0.003190
-0.000036, 0.000007
-0.003206, -0.005399
-0.000019, 0.000009
0.000110, 0.001701
0.000026, -0.000020
0.000242, 0.009145
-0.000079, -0.000022
0.000507, 0.003246
0.000000, 0.000006
-0.000291, -0.000274
-0.000007, -0.000003
0.001050, 0.007157
0.000027, 0.000014
0.002481, 0.007244
0.000003, -0.000025
-0.001680, -0.001126
0.000013, -0.000016
-0.001249, 0.007005
-0.000027, -0.000004
0.001318, -0.004021
-0.000015, -0.000025
0.000666, -0.003188
-0.000018, -0.000023
-0.000947, 0.004017
-0.000044, 0.000036
0.000617, 0.000772
-0.000004, 0.000002
0.003603, -0.000474
-0.000050, -0.000013
-0.002526, 0.004305
-0.000047, 0.000024
-0.004025, 0.001860
-0.000001, -0.000016
-0.001019, -0.003905
-0.000035, -0.000053
-0.001233, -0.002241
0.000001, 0.000031
-0.000683, -0.000585
-0.000054, -0.000021
-0.002522, -0.006383
-0.000046, 0.000012
-0.000080, -0.003462
-0.000005, -0.000009
-0.000360, 0.003172
-0.000002, 0.000008
-0.000363, 0.000319
-0.000013, 0.000019
-0.001417, 0.004335
0.000021, 0.000002
-0.005014, -0.004821
-0.000006, 0.000001
-0.000950, -0.002472
-0.000007, -0.000011
-0.001610, -0.000196
-0.000013, -0.000011
-0.001992, 0.001083
0.000047, 0.000023
-0.002944, 0.005896
-0.000065, 0.000035
-0.000910, 0.001998
0.000002, -0.000003
0.000194, -0.001542
0.000012, 0.000014
-0.000751, -0.003930
-0.000027, -0.000009
-0.002201, -0.001031
-0.000032, -0.000007
0.000830, -0.003204
-0.000015, -0.000020
-0.000527, -0.002913
-0.000047, 0.000051
-0.001049, -0.000405
-0.000014, -0.000016
-0.001585, -0.000100
-0.000050, 0.000015
0.003573, 0.003661
-0.000013, -0.000002
-0.003574, -0.003677
0.000017, 0.000009
-0.000460, -0.001043
0.000012, 0.000029
-0.001928, -0.006439
0.000018, -0.000002
0.000835, -0.005692
-0.000019, -0.000031
0.002635, -0.000870
-0.000016, 0.000038
-0.000121, 0.002536
-0.000010, 0.000023
0.000150, 0.005226
-0.000005, 0.000001
-0.000194, -0.000915
-0.000025, 0.000029
-0.001179, 0.000608
-0.000024, -0.000003
-0.000390, -0.003677
-0.000005, -0.000014
-0.001749, -0.005341
-0.000018, 0.000023
0.000066, -0.002893
-0.000023, -0.000021
-0.001684, -0.000193
-0.000046, -0.000005
-0.002074, 0.002018
-0.000006, 0.000017
-0.001792, 0.003917
-0.000008, -0.000014
0.000209, 0.004563
-0.000010, 0.000007
-0.000573, 0.003290
-0.000078, -0.000073
0.000014, 0.000118
0.000031, -0.000040
0.000849, -0.003364
-0.000018, -0.000023
0.000914, 0.001258
-0.000020, 0.000003
-0.000125, -0.005688
0.000024, -0.000005
-0.000750, 0.001013
-0.000032, 0.000042
-0.002948, -0.007188
-0.000023, -0.000055
-0.001044, 0.002062
-0.000014, -0.000026
0.001043, 0.005109
-0.000019, 0.000028
-0.001768, 0.000369
-0.000012, -0.000005
0.000520, 0.002007
-0.000019, 0.000017
-0.000683, 0.000580
0.000029, 0.000019
-0.001167, -0.001142
0.000002, -0.000004
-0.001825, 0.000664
-0.000001, 0.000021
-0.000945, -0.002187
-0.000028, -0.000001
-0.003129, 0.001225
-0.000042, -0.000034
-0.002239, 0.000651
0.000003, 0.000004
-0.001312, 0.001420
-0.000031, 0.000002
0.001622, -0.004287
-0.000008, -0.000000
-0.000356, -0.003205
-0.000015, -0.000020
-0.002232, -0.000870
-0.000033, 0.000020
-0.003587, -0.002278
-0.000022, 0.000018
-0.001946, -0.005081
-0.000005, -0.000061
-0.002777, -0.004170
0.000016, -0.000007
-0.000431, -0.002721
-0.000027, 0.000024
-0.001460, -0.000971
-0.000024, -0.000049
-0.000213, 0.003822
0.000002, -0.000023
-0.002338, 0.003011
0.000004, -0.000001
-0.001325, -0.001248
0.000015, 0.000052
-0.004036, -0.001469
-0.000006, 0.000009
-0.000158, -0.004415
-0.000002, -0.000022
-0.002142, 0.002363
-0.000012, 0.000034
-0.000084, -0.004435
-0.000001, 0.000003
0.002464, -0.002908
-0.000035, 0.000018
-0.001688, 0.000590
-0.000033, 0.000026
-0.003600, -0.000624
0.000034, -0.000015
-0.001374, -0.000049
0.000001, -0.000001
0.001030, 0.002704
0.000003, 0.000013
0.000729, -0.006004
-0.000038, -0.000011
-0.001693, -0.002208
-0.000020, -0.000016
-0.001849, 0.001772
-0.000023, -0.000012
-0.003674, -0.001792
-0.000014, 0.000038
-0.003482, 0.011316
0.000033, -0.000039
0.001475, -0.003385
-0.000005, 0.000021
-0.002015, -0.002061
-0.000012, 0.000030
0.001401, -0.008515
-0.000023, 0.000058
-0.001212, -0.002274
-0.000049, 0.000009
-0.000530, 0.000875
0.000021, 0.000035
0.001752, -0.001815
-0.000014, -0.000023
0.000645, 0.004303
-0.000044, -0.000002
0.000122, 0.001318
-0.000049, 0.000021
0.001099, 0.001326
-0.000044, 0.000009
0.003170, -0.006108
-0.000016, -0.000036
-0.002098, -0.003129
-0.000026, 0.000006
-0.000706, -0.000203
-0.000018, -0.000011
-0.003289, -0.002587
-0.000025, -0.000011
0.000418, -0.001895
0.000012, 0.000004
-0.001260, -0.003425
-0.000021, -0.000026
-0.001167, 0.000846
0.000008, -0.000004
-0.002687, 0.002328
0.000007, 0.000013
-0.000685, -0.001430
-0.000013, 0.000004
-0.001582, -0.001934
-0.000040, 0.000013
0.000175, 0.003547
-0.000045, -0.000042
0.000323, -0.001699
-0.000053, 0.000006
0.001015, -0.002009
-0.000041, 0.000058
-0.000116, -0.001036
-0.000033, -0.000043
-0.001389, -0.002283
0.000002, 0.000001
-0.000922, -0.001239
-0.000008, 0.000024
-0.002475, -0.005964
0.000014, 0.000011
0.001682, -0.009023
-0.000001, 0.000036
0.001211, -0.004187
0.000025, 0.000048
-0.000386, 0.001205
-0.000012, 0.000003
-0.000277, 0.002524
-0.000007, -0.000021
-0.001865, -0.000443
0.000010, -0.000001
-0.002830, -0.004502
-0.000003, -0.000058
-0.000126, -0.004041
-0.000010, 0.000020
-0.000979, -0.000907
0.000026, -0.000021
-0.002432, 0.000513
-0.000021, -0.000012
0.000577, 0.001073
-0.000049, -0.000024
-0.000332, -0.000538
-0.000006, 0.000012
-0.002236, 0.004902
-0.000027, -0.000022
0.000752, 0.003531
-0.000025, -0.000007
-0.002644, -0.000937
-0.000016, -0.000011
0.000381, 0.002487
0.000013, 0.000007
-0.004064, 0.003808
-0.000038, 0.000030
0.000977, -0.003712
0.000025, -0.000029
0.001256, 0.004069
-0.000026, 0.000015
-0.000728, 0.000943
-0.000004, 0.000012
-0.001241, -0.001763
-0.000006, -0.000005
-0.000974, -0.001037
-0.000002, 0.000009
-0.000636, -0.004281
0.000019, -0.000002
0.002423, 0.002022
0.000008, 0.000002
-0.003179, -0.000246
-0.000014, -0.000017
0.002995, -0.001602
-0.000002, 0.000019
-0.001344, -0.001525
0.000013, -0.000040
-0.002924, -0.003738
0.000002, 0.000019
-0.002063, 0.000215
-0.000006, 0.000005
-0.000302, -0.002565
-0.000019, -0.000014
-0.000871, -0.001302
-0.000047, -0.000008
-0.003264, -0.002272
0.000011, -0.000003
0.001261, -0.002604
-0.000007, -0.000007
0.000898, 0.000543
-0.000015, 0.000022
-0.002123, -0.005522
0.000012, 0.000037
-0.001707, -0.002948
-0.000001, 0.000004
-0.000650, 0.004401
-0.000052, 0.000003
-0.002018, -0.000006
0.000020, 0.000021
-0.001544, 0.000759
0.000024, 0.000012
-0.001442, 0.000203
-0.000003, -0.000009
-0.000648, 0.002586
-0.000015, 0.000018
0.001456, 0.005177
-0.000028, 0.000023
-0.000991, 0.003435
-0.000007, -0.000013
-0.000451, -0.001678
-0.000003, 0.000001
-0.005667, 0.001130
-0.000056, -0.000052
-0.001434, 0.001216
-0.000011, -0.000006
0.000107, 0.000821
-0.000010, -0.000005
0.001328, -0.000508
0.000010, 0.000003
-0.000755, -0.002118
-0.000027, 0.000049
-0.002186, 0.001376
-0.000010, 0.000007
-0.000808, -0.001647
-0.000008, 0.000026
-0.000534, -0.001914
-0.000023, 0.000005
-0.000300, 0.000364
-0.000012, 0.000021
0.001248, -0.001369
-0.000004, 0.000001
-0.003321, -0.000805
0.000004, -0.000018
-0.000311, -0.000413
-0.000026, 0.000002
-0.000519, -0.001444
-0.000021, -0.000013
-0.002271, -0.002328
-0.000007, 0.000008
-0.002232, -0.002423
-0.000020, 0.000007
0.001906, -0.003350
-0.000021, 0.000005
-0.001804, -0.001030
-0.000019, 0.000007
-0.001545, 0.000183
-0.000004, 0.000040
0.002039, 0.003240
0.000016, 0.000027
-0.000528, 0.002413
0.000000, -0.000003
-0.002505, 0.001342
0.000007, -0.000036
-0.001302, 0.001469
-0.000018, -0.000022
-0.001171, 0.004281
-0.000025, -0.000004
-0.005192, -0.001577
-0.000003, -0.000010
-0.002363, 0.003567
-0.000017, -0.000025
-0.002453, 0.004261
-0.000014, 0.000005
-0.000184, -0.003863
-0.000026, -0.000000
-0.001168, 0.000177
0.000009, -0.000016
0.001353, -0.001701
-0.000048, 0.000013
-0.002497, 0.001624
-0.000017, 0.000014
-0.001005, -0.001191
-0.000045, -0.000000
0.000177, 0.004660
-0.000024, -0.000021
-0.001423, 0.001844
-0.000022, -0.000011
-0.000540, 0.003879
-0.000006, 0.000015
0.002463, -0.001286
-0.000041, 0.000011
-0.001570, 0.000575
-0.000000, 0.000016
0.002429, -0.000085
-0.000023, -0.000035
-0.001289, 0.002860
-0.000008, 0.000005
0.002074, 0.005982
-0.000024, -0.000023
-0.000574, -0.005250
-0.000011, -0.000002
-0.003073, -0.000393
0.000002, 0.000031
0.001289, -0.002660
-0.000023, -0.000000
0.003966, 0.004444
-0.000022, -0.000007
0.000346, -0.002143
-0.000016, -0.000022
0.000330, -0.003530
-0.000009, -0.000024
-0.001788, 0.003566
0.000005, -0.000009
-0.001621, -0.003170
-0.000031, 0.000001
-0.001571, -0.000464
-0.000000, -0.000013
-0.003884, 0.001540
0.000002, -0.000012
-0.001373, -0.000339
-0.000011, 0.000037
-0.001013, 0.005942
-0.000009, -0.000000
-0.002855, -0.005832
-0.000002, 0.000036
-0.000855, -0.004695
-0.000021, 0.000003
0.000059, 0.003748
-0.000010, 0.000003
0.000082, 0.005493
-0.000004, -0.000003
-0.001637, 0.000434
-0.000041, -0.000003
-0.000181, -0.002338
-0.000047, 0.000018
0.001253, 0.005491
-0.000073, 0.000036
-0.000680, 0.000418
-0.000036, 0.000029
-0.001931, -0.001021
-0.000025, 0.000032
0.000076, -0.005382
-0.000059, 0.000014
-0.001053, -0.001333
-0.000027, 0.000008
0.000253, -0.000402
-0.000027, -0.000010
0.000134, -0.002956
-0.000020, -0.000005
-0.001537, -0.001693
-0.000028, -0.000001
0.000660, 0.002043
0.000019, -0.000001
-0.000209, -0.001657
0.000013, 0.000020
-0.002747, -0.004051
-0.000018, 0.000015
0.000081, 0.003349
-0.000013, 0.000026
-0.001904, -0.003614
-0.000059, 0.000008
-0.000834, 0.001076
0.000002, 0.000007
-0.001057, 0.003088
-0.000027, -0.000003
-0.000999, 0.002737
0.000003, -0.000007
-0.001330, -0.002494
-0.000000, 0.000006
-0.000540, 0.005567
0.000017, 0.000001
-0.001351, 0.002953
-0.000028, 0.000001
0.000286, -0.003681
-0.000027, -0.000006
-0.001921, 0.002768
0.000008, -0.000021
0.000771, 0.000245
-0.000020, 0.000006
-0.001876, 0.002966
0.000004, 0.000004
-0.002879, -0.002309
-0.000006, 0.000055
0.002891, -0.003813
-0.000003, 0.000064
0.000903, 0.000369
-0.000059, 0.000062
0.003339, 0.004380
-0.000069, -0.000003
0.000309, 0.000933
-0.000020, 0.000036
-0.002135, 0.006364
-0.000063, 0.000015
0.001136, -0.003790
0.000023, 0.000015
0.001102, 0.000216
-0.000048, -0.000005
0.001403, 0.003371
0.000029, -0.000003
-0.000693, 0.000144
-0.000037, -0.000004
0.001604, 0.001202
-0.000037, -0.000012
-0.000162, 0.001171
-0.000015, 0.000064
0.001279, 0.003100
-0.000017, -0.000024
-0.001263, -0.001401
0.000038, 0.000016
0.000370, 0.000871
-0.000026, -0.000004
-0.001910, 0.004247
-0.000082, 0.000011
-0.000485, 0.001650
0.000001, 0.000003
-0.000183, 0.000240
-0.000040, -0.000009
-0.002680, -0.002099
0.000002, -0.000024
-0.002312, 0.003575
-0.000031, 0.000015
-0.002392, -0.001474
-0.000030, 0.000012
-0.001091, -0.000879
-0.000020, -0.000046
-0.002362, 0.001207
-0.000029, 0.000004
-0.002090, -0.001336
0.000006, 0.000014
-0.001046, -0.002719
-0.000025, -0.000003
0.000520, -0.001368
-0.000002, -0.000014
-0.003723, 0.000501
-0.000044, -0.000031
0.000814, 0.001214
0.000004, -0.000040
-0.001112, -0.000846
-0.000011, 0.000016
-0.000202, -0.000451
0.000051, -0.000014
-0.001299, 0.002878
-0.000030, 0.000025
-0.000660, -0.002142
-0.000011, -0.000017
-0.000627, 0.002304
-0.000033, 0.000014
0.001612, 0.003773
0.000010, -0.000017
-0.000094, 0.005639
0.000013, -0.000014
-0.000565, 0.006159
0.000007, -0.000020
-0.000521, -0.000629
-0.000016, 0.000010
-0.001343, 0.001256
-0.000005, 0.000003
-0.000907, 0.004955
-0.000026, -0.000007
-0.003357, 0.003168
0.000007, 0.000025
0.002820, -0.002932
-0.000012, 0.000000
-0.004239, 0.004163
-0.000031, -0.000001
0.000606, -0.000133
-0.000009, 0.000005
0.000317, 0.002163
0.000019, -0.000002
0.001003, -0.001499
-0.000046, 0.000019
-0.002032, 0.001226
-0.000027, -0.000003
-0.000783, 0.000190
0.000001, -0.000000
-0.002194, -0.000622
-0.000007, -0.000019
0.002638, 0.000363
0.000008, -0.000074
0.000624, 0.003146
0.000008, -0.000016
-0.003380, 0.000066
-0.000012, -0.000037
-0.004014, -0.007415
-0.000005, 0.000033
-0.000880, -0.001758
-0.000047, -0.000044
0.000454, -0.003626
-0.000038, 0.000021
-0.003185, 0.002217
-0.000038, 0.000006
-0.001020, 0.002996
-0.000029, -0.000031
-0.004061, -0.000465
-0.000032, -0.000002
-0.001574, 0.000737
-0.000012, 0.000012
0.001008, -0.001273
0.000033, -0.000006
-0.003237, 0.002537
-0.000036, 0.000004
0.001335, -0.002075
-0.000004, -0.000063
-0.001153, -0.000813
-0.000009, -0.000028
-0.001833, -0.001919
-0.000065, -0.000015
-0.002447, -0.000366
-0.000011, -0.000013
-0.001071, 0.000105
0.000019, -0.000025
-0.000089, -0.006440
-0.000036, -0.000044
0.000209, 0.001391
-0.000029, 0.000004
0.000026, 0.001097
-0.000023, 0.000012
-0.001917, 0.003461
-0.000003, 0.000002
-0.001482, -0.000167
-0.000013, -0.000004
0.000905, 0.000185
-0.000032, -0.000000
0.000402, -0.001954
-0.000006, 0.000033
-0.001700, 0.003138
-0.000010, -0.000030
-0.001102, -0.000608
-0.000013, -0.000020
-0.001981, 0.003310
-0.000040, 0.000022
-0.003260, 0.001616
-0.000026, 0.000023
-0.001245, 0.001740
-0.000023, 0.000012
-0.002623, -0.005858
0.000009, -0.000017
0.001759, 0.000275
-0.000002, 0.000010
-0.000589, -0.002068
0.000001, 0.000027
0.001886, -0.001719
-0.000012, 0.000010
-0.000570, -0.004767
0.000006, 0.000010
0.002182, 0.003499
0.000007, -0.000002
-0.000848, 0.002867
-0.000035, -0.000047
0.000062, -0.006251
-0.000026, 0.000012
0.001882, 0.000537
-0.000038, 0.000030
-0.004154, -0.001231
-0.000006, 0.000019
-0.001178, 0.003506
-0.000002, -0.000022
-0.003605, -0.003898
-0.000029, -0.000009
-0.003443, -0.005987
-0.000033, -0.000019
-0.002074, 0.002772
-0.000010, 0.000009
-0.001451, 0.005446
-0.000032, -0.000018
0.002885, -0.003694
-0.000009, 0.000013
0.000295, -0.007599
-0.000023, -0.000019
-0.000011, 0.000448
0.000020, -0.000031
-0.001143, 0.000638
-0.000027, -0.000021
-0.003069, 0.001809
-0.000034, 0.000018
0.000864, -0.009271
0.000001, -0.000055
-0.002942, 0.002958
-0.000030, -0.000024
-0.005001, 0.007309
-0.000027, 0.000016
-0.001875, 0.001140
-0.000001, -0.000003
-0.002464, -0.003924
-0.000021, 0.000016
0.000435, -0.002760
-0.000028, 0.000005
-0.001820, -0.003875
-0.000012, -0.000002
-0.000272, -0.005538
-0.000016, -0.000005
0.002007, -0.006088
0.000035, 0.000008
-0.001051, -0.002821
-0.000045, -0.000001
0.001464, -0.002355
0.000018, -0.000010
0.001687, -0.003549
-0.000034, -0.000015
0.000484, -0.001703
-0.000034, -0.000008
0.002426, -0.008024
-0.000025, -0.000004
-0.001798, 0.000920
-0.000056, -0.000007
-0.001628, -0.003006
-0.000056, -0.000006
-0.001784, -0.002468
0.000013, 0.000019
-0.001340, -0.000576
-0.000001, 0.000010
0.001083, 0.000971
-0.000019, 0.000012
-0.001400, -0.002300
-0.000006, 0.000023
-0.003428, 0.005367
0.000108, 0.000008
-0.002756, 0.000242
-0.000010, 0.000025
-0.002123, 0.001140
-0.000033, 0.000009
-0.000746, 0.000163
-0.000014, -0.000000
-0.001073, 0.005151
-0.000002, -0.000009
-0.002124, 0.005326
-0.000013, -0.000005
-0.001121, -0.006549
-0.000021, -0.000018
-0.002350, -0.002460
-0.000027, -0.000019
-0.002953, 0.004990
-0.000072, -0.000012
-0.009433, -0.001070
0.000003, -0.000043
-0.001330, 0.003878
-0.000022, -0.000018
-0.000713, -0.003286
-0.000017, 0.000008
0.004206, 0.000006
-0.000047, 0.000018
0.000737, -0.000700
0.000007, 0.000008
0.001301, 0.003019
-0.000027, 0.000002
-0.002966, -0.001053
-0.000039, -0.000017
-0.001000, -0.002491
-0.000027, -0.000029
-0.003258, -0.002495
-0.000028, 0.000025
-0.001309, -0.001623
-0.000005, 0.000004
0.001316, -0.006019
-0.000016, 0.000008
-0.000441, 0.000529
-0.000022, 0.000017
-0.002835, 0.001432
-0.000001, -0.000012
0.001541, -0.002939
-0.000016, 0.000025
0.000352, 0.003851
-0.000017, 0.000008
-0.000252, 0.000944
-0.000051, -0.000011
-0.001320, 0.002816
-0.000010, -0.000008
-0.000150, 0.000846
-0.000010, 0.000013
-0.011420, 0.002558
0.000018, -0.000021
-0.001778, 0.005569
0.000023, 0.000051
-0.003179, -0.001025
-0.000011, -0.000019
0.000167, -0.000817
-0.000013, 0.000018
-0.004502, 0.002727
-0.000033, 0.000033
-0.002905, -0.007220
-0.000026, 0.000035
0.000138, -0.001958
-0.000011, -0.000009
0.002352, -0.000930
-0.000014, 0.000003
-0.002725, -0.002867
0.000032, -0.000012
0.003877, -0.005168
-0.000011, 0.000006
0.000693, 0.000491
-0.000011, 0.000003
-0.003093, 0.004979
0.000049, 0.000044
0.001474, -0.006167
-0.000024, 0.000014
-0.001650, 0.001128
0.000008, 0.000000
-0.001514, -0.001633
-0.000004, -0.000005
0.001790, 0.003896
-0.000036, -0.000008
0.001153, -0.005850
-0.000045, -0.000002
-0.000962, 0.003496
-0.000019, -0.000006
-0.001578, 0.000117
-0.000035, -0.000011
-0.000732, -0.003109
-0.000017, 0.000014
0.000556, -0.002226
-0.000000, -0.000025
-0.000262, 0.000647
0.000011, -0.000011
0.000896, -0.000441
-0.000026, 0.000002
-0.002005, 0.009327
0.000009, 0.000005
-0.002471, 0.002337
-0.000044, -0.000013
-0.001192, 0.001503
-0.000059, -0.000035
0.000536, 0.003079
-0.000023, 0.000002
0.000920, -0.001193
0.000024, -0.000015
-0.001358, 0.003352
-0.000012, -0.000024
0.002198, 0.000573
0.000017, 0.000007
-0.004821, 0.001366
-0.000002, -0.000007
-0.006422, 0.002403
-0.000023, -0.000000
0.000424, 0.001217
-0.000011, -0.000009
0.000259, -0.004469
-0.000023, -0.000013
0.000734, -0.002692
-0.000002, -0.000007
-0.002496, -0.005841
-0.000021, 0.000002
-0.003445, 0.004264
-0.000002, -0.000003
0.000012, -0.004002
-0.000032, -0.000002
0.000053, 0.002870
-0.000032, -0.000017
-0.001094, 0.003094
0.000033, 0.000014
0.001298, 0.001842
0.000023, -0.000017
0.000836, -0.004140
-0.000012, 0.000010
-0.001891, 0.003598
0.000018, 0.000027
0.001680, -0.001038
-0.000029, 0.000035
0.000901, -0.009302
0.000003, -0.000001
0.000186, -0.001149
0.000000, -0.000002
-0.000584, 0.003255
0.000014, -0.000012
-0.000034, -0.004587
0.000010, -0.000002
0.000201, -0.003101
-0.000017, 0.000064
0.003487, -0.005024
0.000000, -0.000010
-0.001074, -0.001106
-0.000002, 0.000036
-0.000837, 0.003400
0.000017, -0.000005
0.001950, -0.004769
0.000016, 0.000006
0.000908, -0.005977
0.000009, 0.000008
0.001243, -0.001610
-0.000015, 0.000043
-0.003018, -0.006950
-0.000029, 0.000031
-0.000312, 0.000011
-0.000013, -0.000005
0.005732, -0.008928
-0.000013, 0.000062
-0.000644, 0.002537
0.000025, -0.000114
-0.000894, 0.001099
0.000001, 0.000011
-0.000658, -0.000770
0.000011, -0.000002
0.000686, -0.005673
-0.000005, 0.000020
-0.002046, 0.000647
-0.000071, -0.000016
0.002323, -0.000683
-0.000032, 0.000003
0.000959, -0.000358
0.000013, 0.000002
0.000082, 0.003236
-0.000009, 0.000038
-0.002271, 0.004271
-0.000008, -0.000012
-0.001022, -0.000803
-0.000009, -0.000001
0.000138, -0.001458
0.000030, -0.000003
0.000097, 0.003865
-0.000028, -0.000029
-0.001123, 0.002433
-0.000063, 0.000031
-0.002683, 0.002870
0.000008, 0.000009
0.000256, 0.001335
-0.000020, -0.000005
0.000417, 0.000384
-0.000026, -0.000010
-0.000958, 0.003000
-0.000004, 0.000027
-0.002016, -0.001261
-0.000012, 0.000033
-0.001560, -0.003241
-0.000004, 0.000015
0.000306, -0.004012
-0.000018, 0.000009
-0.001473, 0.004315
0.000006, 0.000010
-0.001341, -0.004766
-0.000043, 0.000024
-0.000353, 0.001448
-0.000005, -0.000000
-0.001042, -0.002225
-0.000056, 0.000012
-0.000595, -0.000033
-0.000026, -0.000001
-0.001328, -0.001225
-0.000009, 0.000004
-0.001944, 0.005975
-0.000031, -0.000063
-0.000729, -0.001725
-0.000040, -0.000012
-0.002594, 0.003306
0.000004, -0.000018
-0.000495, 0.005859
-0.000028, 0.000010
-0.000295, -0.002269
-0.000034, -0.000028
-0.001520, -0.006668
-0.000017, -0.000018
-0.000030, -0.000328
0.000004, 0.000003
-0.001743, -0.003467
-0.000031, -0.000010
0.004336, -0.004154
0.000004, -0.000037
-0.002735, -0.005075
0.000029, -0.000015
-0.000598, -0.002153
-0.000019, 0.000004
-0.000621, 0.002747
0.000023, 0.000022
0.000314, -0.000253
0.000001, -0.000015
-0.003893, 0.005655
-0.000002, -0.000098
0.001207, -0.000218
-0.000024, -0.000001
-0.001383, -0.001886
-0.000033, -0.000042
-0.000516, -0.006428
-0.000041, -0.000001
0.000870, 0.000569
-0.000008, -0.000001
-0.000963, -0.001799
0.000044, 0.000001
-0.000180, 0.001343
-0.000065, -0.000024
-0.001551, 0.002128
0.000006, -0.000023
-0.002544, 0.001088
-0.000005, 0.000038
-0.000518, 0.001361
-0.000004, -0.000014
-0.000520, 0.000467
0.000002, 0.000014
-0.000266, 0.004622
0.000005, 0.000001
-0.000930, 0.001411
0.000005, -0.000038
-0.001050, -0.002021
-0.000015, 0.000020
0.000371, -0.005662
-0.000005, -0.000017
0.001164, 0.001335
-0.000036, -0.000005
-0.002761, 0.001623
-0.000015, -0.000005
0.000300, 0.005028
-0.000030, 0.000023
0.001001, 0.003287
-0.000017, -0.000033
-0.001146, 0.001170
0.000001, 0.000022
-0.001089, 0.003161
-0.000005, 0.000001
-0.000726, 0.002555
0.000009, -0.000007
0.000538, -0.001872
-0.000054, 0.000014
-0.001390, -0.000124
-0.000012, -0.000021
-0.002668, 0.000870
-0.000039, -0.000042
-0.001233, -0.000632
-0.000013, -0.000003
0.000407, 0.002260
-0.000018, -0.000041
-0.002610, -0.005010
0.000004, 0.000016
-0.000745, -0.001790
-0.000007, 0.000000
-0.001180, -0.003791
-0.000021, 0.000032
0.001228, 0.001702
0.000008, -0.000038
-0.000953, -0.003185
-0.000017, -0.000024
-0.003985, -0.000346
-0.000015, 0.000033
0.000012, 0.003709
-0.000013, -0.000027
-0.001728, -0.004461
0.000011, -0.000008
-0.003384, 0.000879
-0.000028, 0.000002
-0.001953, 0.005520
-0.000014, -0.000007
-0.003548, -0.003051
0.000068, -0.000113
-0.000519, 0.001429
0.000008, -0.000014
-0.001378, 0.000175
0.000016, 0.000002
0.000791, 0.001594
-0.000004, -0.000014
-0.001496, -0.001919
0.000010, -0.000008
-0.001290, 0.000290
-0.000006, 0.000022
0.000231, 0.005248
0.000024, -0.000041
-0.000540, -0.004173
0.000018, -0.000010
0.001624, -0.003427
-0.000047, -0.000031
-0.001223, -0.000115
-0.000009, 0.000023
-0.002937, -0.002436
-0.000037, -0.000047
-0.001341, -0.002169
-0.000019, 0.000031
-0.001442, -0.000045
0.000056, -0.000017
-0.000218, 0.001704
0.000004, -0.000001
-0.001991, 0.002751
-0.000022, -0.000011
0.000108, -0.000321
-0.000029, 0.000029
-0.002524, 0.002902
-0.000050, -0.000004
-0.002971, 0.000055
-0.000024, 0.000017
-0.001352, -0.002618
-0.000055, -0.000017
-0.000809, 0.005590
-0.000029, 0.000015
0.001241, -0.008728
-0.000000, -0.000004
-0.000501, -0.002436
-0.000025, -0.000001
-0.000312, 0.008422
-0.000049, -0.000019
-0.002332, 0.000267
-0.000012, -0.000045
-0.001508, -0.001029
-0.000022, 0.000009
-0.002769, -0.001384
-0.000041, 0.000037
0.000882, -0.001434
-0.000038, -0.000041
-0.001899, 0.001751
-0.000021, 0.000013
0.000836, 0.000280
-0.000014, 0.000022
-0.003032, 0.000079
-0.000017, 0.000012
0.000696, -0.001300
-0.000013, 0.000001
0.000291, -0.000094
-0.000034, 0.000042
-0.001369, 0.002270
-0.000028, -0.000036
0.000578, -0.002410
-0.000042, -0.000023
0.001728, -0.004465
-0.000022, 0.000004
-0.000385, -0.001000
-0.000016, -0.000026
0.000077, -0.002814
-0.000010, -0.000011
-0.002570, -0.001105
-0.000041, -0.000024
0.002292, 0.002516
-0.000032, 0.000017
0.000275, -0.003059
-0.000033, -0.000015
-0.001052, -0.001603
-0.000018, -0.000002
0.002483, 0.002798
-0.000051, 0.000050
0.000202, 0.004549
-0.000002, 0.000011
-0.001643, -0.003651
-0.000016, -0.000001
0.000124, -0.000745
-0.000037, -0.000003
0.006095, 0.005955
0.000090, 0.000034
-0.002909, -0.002452
0.000023, -0.000011
-0.002733, 0.007141
-0.000010, -0.000037
-0.001408, -0.004996
-0.000024, -0.000027
-0.000959, 0.000861
-0.000053, 0.000015
0.000131, -0.000969
0.000006, 0.000011
0.000173, -0.000109
-0.000038, 0.000012
-0.002434, 0.001559
-0.000020, -0.000004
-0.001150, -0.003879
-0.000000, -0.000035
-0.001787, 0.003356
0.000025, 0.000049
-0.000679, -0.001693
-0.000012, -0.000004
-0.003126, -0.000696
-0.000015, -0.000018
-0.001609, 0.000255
0.000007, 0.000023
-0.001153, 0.002632
-0.000008, -0.000004
-0.002977, 0.010331
-0.000050, 0.000013
-0.000705, -0.000110
-0.000001, -0.000005
-0.002542, 0.000335
0.000002, -0.000029
-0.000534, -0.003962
-0.000020, 0.000037
-0.000297, -0.000170
0.000007, -0.000011
-0.001892, 0.002873
-0.000034, 0.000008
0.001106, 0.004245
-0.000005, -0.000036
-0.000475, 0.001136
-0.000018, 0.000007
-0.000942, -0.003373
-0.000026, 0.000031
-0.000285, 0.001102
-0.000031, -0.000015
-0.002246, -0.001801
-0.000006, 0.000003
-0.003557, -0.005046
-0.000024, -0.000021
0.002742, -0.007286
-0.000013, 0.000025
0.002368, 0.002652
0.000018, 0.000001
0.001789, -0.008022
0.000012, 0.000025
-0.004576, -0.005221
0.000028, -0.000024
0.000570, -0.001123
-0.000005, 0.000027
-0.000367, -0.002006
-0.000006, 0.000000
-0.000069, -0.000078
-0.000011, 0.000007
-0.002174, -0.002435
0.000006, 0.000029
0.000202, -0.001275
-0.000006, -0.000027
0.000179, 0.000122
-0.000008, -0.000011
-0.001255, -0.000173
-0.000018, 0.000008
0.000755, -0.001958
-0.000010, 0.000004
-0.000410, 0.006529
-0.000011, 0.000005
-0.000339, -0.001190
-0.000003, -0.000014
-0.001526, 0.002956
-0.000032, 0.000009
-0.002668, -0.001356
-0.000020, -0.000037
-0.001242, 0.001817
-0.000000, -0.000015
0.000614, -0.002345
0.000011, -0.000022
-0.000223, 0.002991
-0.000014, -0.000019
0.000453, -0.002213
-0.000009, 0.000029
-0.001536, -0.001677
0.000024, -0.000005
0.000981, -0.006089
-0.000054, 0.000037
0.001921, -0.001333
-0.000019, -0.000007
0.001662, 0.001109
-0.000039, -0.000011
0.001163, -0.002564
-0.000013, 0.000020
-0.000213, 0.000444
-0.000060, -0.000001
-0.002766, 0.001935
-0.000001, -0.000021
-0.000157, 0.001800
-0.000017, -0.000024
0.000971, 0.003710
-0.000007, -0.000029
-0.003043, 0.005273
-0.000017, -0.000016
-0.003106, 0.002585
-0.000005, -0.000045
-0.002506, 0.006660
-0.000024, -0.000012
0.000299, -0.002150
-0.000007, -0.000023
-0.003937, 0.003488
0.000026, -0.000029
-0.001715, -0.003713
-0.000026, 0.000041
-0.001655, 0.000092
-0.000011, 0.000030
-0.001302, -0.001734
0.000020, -0.000030
-0.000356, -0.006659
-0.000001, -0.000022
-0.001009, -0.001551
0.000030, 0.000015
-0.003251, -0.000174
0.000024, 0.000001
-0.000703, -0.004519
-0.000057, 0.000011
-0.004152, 0.005984
-0.000035, -0.000032
0.001814, -0.003787
-0.000006, -0.000027
-0.002161, 0.000887
-0.000001, -0.000004
-0.000965, 0.001624
-0.000023, -0.000008
-0.001115, -0.000861
-0.000009, -0.000041
0.002225, -0.003645
-0.000008, -0.000022
-0.002647, 0.001219
-0.000007, 0.000012
-0.000935, -0.002147
-0.000057, -0.000001
-0.002464, -0.005389
0.000014, 0.000029
-0.001503, 0.004092
-0.000029, -0.000018
-0.000355, 0.001866
0.000004, -0.000030
0.001234, -0.008816
-0.000015, -0.000007
0.000009, -0.002404
-0.000005, -0.000034
-0.002526, 0.002243
-0.000022, -0.000002
-0.006946, -0.004228
-0.000009, 0.000014
-0.000741, 0.000768
-0.000016, -0.000004
-0.002545, 0.002025
-0.000005, -0.000010
-0.002136, -0.000110
-0.000005, 0.000014
0.000917, -0.006330
0.000026, -0.000000
-0.001026, -0.002134
0.000007, -0.000007
-0.002569, -0.003700
-0.000013, -0.000005
-0.001901, -0.000173
-0.000012, 0.000031
-0.000039, 0.002607
-0.000016, 0.000001
-0.002483, -0.000632
0.000001, -0.000003
0.001296, 0.001430
0.000021, 0.000037
-0.000765, 0.002199
-0.000012, -0.000012
-0.001190, -0.003769
-0.000013, -0.000030
0.001045, 0.006138
-0.000038, -0.000026
-0.000910, -0.003346
-0.000002, 0.000011
0.001159, -0.001363
-0.000000, -0.000025
-0.001440, 0.006223
0.000015, -0.000002
-0.000096, -0.000402
-0.000007, 0.000016
-0.001734, -0.004692
-0.000012, -0.000029
0.001940, 0.002181
0.000015, 0.000002
-0.002029, -0.002605
-0.000018, 0.000020
-0.002549, 0.005928
0.000019, -0.000017
-0.001141, -0.003855
-0.000018, 0.000007
-0.000638, -0.005157
-0.000038, -0.000014
-0.000532, -0.002498
0.000003, -0.000016
-0.000944, 0.001040
-0.000008, 0.000006
0.001439, 0.000260
-0.000057, -0.000018
-0.000559, -0.001844
-0.000028, -0.000032
-0.000232, 0.000213
-0.000031, 0.000017
0.001697, -0.000954
0.000011, 0.000013
-0.001374, -0.002456
-0.000013, -0.000015
0.001586, -0.003054
-0.000000, -0.000007
0.000281, -0.000294
-0.000049, -0.000011
-0.001946, -0.000942
-0.000027, -0.000017
-0.002139, -0.001156
-0.000039, -0.000003
0.001810, -0.002011
-0.000013, -0.000021
-0.001651, 0.002789
0.000007, 0.000015
-0.001568, 0.003102
-0.000014, 0.000032
